0.0    0.0
0.01745329238474369    0.0
0.03490658476948738    0.0
0.05235987715423107    0.0
0.06981316953897476    0.0
0.08726646192371845    0.0
0.10471975430846214    0.0
0.12217304669320583    0.0
0.13962633907794952    0.5239999890327454
0.15707963146269321    0.0
0.1745329238474369    0.0
0.1919862162321806    0.0
0.20943950861692429    0.0
0.22689280100166798    0.0
0.24434609338641167    0.0
0.26179938577115536    2.7850000858306885
0.27925267815589905    0.0
0.29670597054064274    0.0
0.31415926292538643    0.0
0.3316125553101301    0.0
0.3490658476948738    0.0
0.3665191400796175    0.0
0.3839724324643612    0.0
0.4014257248491049    0.0
0.41887901723384857    0.0
0.43633230961859226    1.4980000257492065
0.45378560200333595    1.4819999933242798
0.47123889438807964    0.0
0.48869218677282333    0.0
0.506145479157567    0.0
0.5235987715423107    0.0
0.5410520639270544    0.0
0.5585053563117981    0.0
0.5759586486965418    0.0
0.5934119410812855    0.0
0.6108652334660292    0.0
0.6283185258507729    0.0
0.6457718182355165    0.0
0.6632251106202602    0.0
0.6806784030050039    0.0
0.6981316953897476    0.0
0.7155849877744913    0.0
0.733038280159235    0.0
0.7504915725439787    0.0
0.7679448649287224    0.0
0.7853981573134661    0.0
0.8028514496982098    0.0
0.8203047420829535    0.0
0.8377580344676971    0.0
0.8552113268524408    0.0
0.8726646192371845    0.0
0.8901179116219282    0.0
0.9075712040066719    0.0
0.9250244963914156    0.0
0.9424777887761593    0.0
0.959931081160903    0.0
0.9773843735456467    0.0
0.9948376659303904    0.0
1.012290958315134    0.0
1.0297442506998777    0.0
1.0471975430846214    0.0
1.0646508354693651    0.0
1.0821041278541088    0.0
1.0995574202388525    0.0
1.1170107126235962    0.0
1.1344640050083399    0.0
1.1519172973930836    0.0
1.1693705897778273    0.0
1.186823882162571    0.0
1.2042771745473146    0.0
1.2217304669320583    0.0
1.239183759316802    0.0
1.2566370517015457    2.5230000019073486
1.2740903440862894    2.486999988555908
1.291543636471033    2.513000011444092
1.3089969288557768    2.5269999504089355
1.3264502212405205    2.513000011444092
1.3439035136252642    2.503000020980835
1.3613568060100079    2.4769999980926514
1.3788100983947515    2.4790000915527344
1.3962633907794952    2.484999895095825
1.413716683164239    2.4700000286102295
1.4311699755489826    2.490000009536743
1.4486232679337263    2.4709999561309814
1.46607656031847    2.494999885559082
1.4835298527032137    2.4769999980926514
1.5009831450879574    2.486999988555908
1.518436437472701    2.4760000705718994
1.5358897298574448    2.4809999465942383
1.5533430222421885    2.4790000915527344
1.5707963146269321    2.490000009536743
1.5882496070116758    2.4860000610351562
1.6057028993964195    2.4790000915527344
1.6231561917811632    2.484999895095825
1.640609484165907    2.4670000076293945
1.6580627765506506    2.484999895095825
1.6755160689353943    2.49399995803833
1.692969361320138    2.513000011444092
1.7104226537048817    2.515000104904175
1.7278759460896254    2.509999990463257
1.745329238474369    2.5260000228881836
1.7627825308591127    2.5299999713897705
1.7802358232438564    2.5390000343322754
1.7976891156286001    2.546999931335449
1.8151424080133438    2.565000057220459
1.8325957003980875    2.5880000591278076
1.8500489927828312    2.5959999561309814
1.8675022851675749    2.5829999446868896
1.8849555775523186    2.6019999980926514
1.9024088699370623    2.628000020980835
1.919862162321806    3.6010000705718994
1.9373154547065496    3.6459999084472656
1.9547687470912933    3.6110000610351562
1.972222039476037    3.7239999771118164
1.9896753318607807    3.864000082015991
2.0071286242455244    3.819999933242798
2.024581916630268    3.8499999046325684
2.042035209015012    3.884000062942505
2.0594885013997555    0.0
2.076941793784499    3.61299991607666
2.094395086169243    3.688999891281128
2.1118483785539865    0.0
2.1293016709387302    0.0
2.146754963323474    0.0
2.1642082557082176    0.0
2.1816615480929613    0.0
2.199114840477705    0.0
2.2165681328624487    0.0
2.2340214252471924    0.0
2.251474717631936    0.0
2.2689280100166798    0.0
2.2863813024014235    0.0
2.303834594786167    0.0
2.321287887170911    0.0
2.3387411795556545    0.0
2.356194471940398    0.0
2.373647764325142    0.0
2.3911010567098856    0.0
2.4085543490946293    0.0
2.426007641479373    0.0
2.4434609338641167    0.0
2.4609142262488604    0.0
2.478367518633604    0.0
2.4958208110183477    0.0
2.5132741034030914    0.0
2.530727395787835    0.0
2.548180688172579    0.0
2.5656339805573225    0.0
2.583087272942066    0.0
2.60054056532681    0.0
2.6179938577115536    0.0
2.6354471500962973    0.0
2.652900442481041    0.0
2.6703537348657846    0.0
2.6878070272505283    0.0
2.705260319635272    0.0
2.7227136120200157    0.0
2.7401669044047594    0.0
2.757620196789503    0.0
2.775073489174247    0.0
2.7925267815589905    0.0
2.809980073943734    0.0
2.827433366328478    0.0
2.8448866587132215    0.0
2.8623399510979652    4.182000160217285
2.879793243482709    4.129000186920166
2.8972465358674526    4.079999923706055
2.9146998282521963    4.160999774932861
2.93215312063694    4.116000175476074
2.9496064130216837    4.159999847412109
2.9670597054064274    4.057000160217285
2.984512997791171    4.123000144958496
3.0019662901759148    4.093999862670898
3.0194195825606585    4.034999847412109
3.036872874945402    4.081999778747559
3.054326167330146    3.990999937057495
3.0717794597148895    4.007999897003174
3.089232752099633    4.002999782562256
3.106686044484377    3.9739999771118164
3.1241393368691206    3.927000045776367
3.1415926292538643    3.943000078201294
3.159045921638608    3.9820001125335693
3.1764992140233517    4.010000228881836
3.1939525064080954    3.4040000438690186
3.211405798792839    3.427000045776367
3.2288590911775827    3.440000057220459
3.2463123835623264    3.437999963760376
3.26376567594707    3.4800000190734863
3.281218968331814    3.4760000705718994
3.2986722607165575    3.4709999561309814
3.316125553101301    3.492000102996826
3.333578845486045    3.5369999408721924
3.3510321378707886    3.5280001163482666
3.3684854302555323    3.5859999656677246
3.385938722640276    3.555999994277954
3.4033920150250196    3.5999999046325684
3.4208453074097633    3.575000047683716
3.438298599794507    3.619999885559082
3.4557518921792507    0.0
3.4732051845639944    0.0
3.490658476948738    0.0
3.508111769333482    0.0
3.5255650617182255    0.0
3.543018354102969    0.0
3.560471646487713    3.753999948501587
3.5779249388724566    3.8510000705718994
3.5953782312572002    3.9049999713897705
3.612831523641944    3.953000068664551
3.6302848160266876    3.941999912261963
3.6477381084114313    4.021999835968018
3.665191400796175    4.063000202178955
3.6826446931809187    0.0
3.7000979855656624    4.177999973297119
3.717551277950406    0.0
3.7350045703351498    0.0
3.7524578627198935    0.0
3.769911155104637    0.0
3.787364447489381    0.0
3.8048177398741245    0.0
3.822271032258868    0.0
3.839724324643612    0.0
3.8571776170283556    0.0
3.8746309094130993    0.0
3.892084201797843    0.0
3.9095374941825867    0.0
3.9269907865673304    0.0
3.944444078952074    0.0
3.9618973713368177    0.0
3.9793506637215614    0.0
3.996803956106305    0.0
4.014257248491049    0.0
4.0317105408757925    0.0
4.049163833260536    0.0
4.06661712564528    0.0
4.084070418030024    0.0
4.101523710414767    0.0
4.118977002799511    0.0
4.136430295184255    0.0
4.153883587568998    1.899999976158142
4.171336879953742    1.8860000371932983
4.188790172338486    1.8680000305175781
4.206243464723229    1.8380000591278076
4.223696757107973    1.815000057220459
4.241150049492717    1.8079999685287476
4.2586033418774605    1.7920000553131104
4.276056634262204    1.7719999551773071
4.293509926646948    1.7589999437332153
4.3109632190316916    1.7569999694824219
4.328416511416435    1.7319999933242798
4.345869803801179    1.7200000286102295
4.363323096185923    1.6950000524520874
4.380776388570666    1.6890000104904175
4.39822968095541    1.6929999589920044
4.415682973340154    1.6720000505447388
4.433136265724897    1.656000018119812
4.450589558109641    1.659000039100647
4.468042850494385    1.649999976158142
4.4854961428791285    1.628000020980835
4.502949435263872    1.8329999446868896
4.520402727648616    2.007999897003174
4.5378560200333595    1.0609999895095825
4.555309312418103    1.0870000123977661
4.572762604802847    1.090999960899353
4.590215897187591    0.43799999356269836
4.607669189572334    0.43799999356269836
4.625122481957078    0.4320000112056732
4.642575774341822    0.42800000309944153
4.660029066726565    0.42500001192092896
4.677482359111309    0.4230000078678131
4.694935651496053    0.42399999499320984
4.712388943880796    0.4269999861717224
4.72984223626554    0.4259999990463257
4.747295528650284    0.42500001192092896
4.7647488210350275    0.4300000071525574
4.782202113419771    0.43799999356269836
4.799655405804515    0.44200000166893005
4.817108698189259    0.4480000138282776
4.834561990574002    0.4560000002384186
4.852015282958746    0.0
4.86946857534349    2.556999921798706
4.886921867728233    2.5290000438690186
4.904375160112977    2.5390000343322754
4.921828452497721    2.5409998893737793
4.939281744882464    2.558000087738037
4.956735037267208    2.578000068664551
4.974188329651952    2.5899999141693115
4.9916416220366955    2.5840001106262207
5.009094914421439    2.6089999675750732
5.026548206806183    2.6050000190734863
5.0440014991909266    2.611999988555908
5.06145479157567    2.6449999809265137
5.078908083960414    2.677000045776367
5.096361376345158    2.6700000762939453
5.113814668729901    2.7070000171661377
5.131267961114645    2.703000068664551
5.148721253499389    2.7260000705718994
5.166174545884132    2.7699999809265137
5.183627838268876    2.759000062942505
5.20108113065362    2.805000066757202
5.2185344230383635    2.818000078201294
5.235987715423107    2.8380000591278076
5.253441007807851    2.869999885559082
5.2708943001925945    2.8959999084472656
5.288347592577338    2.937000036239624
5.305800884962082    2.9700000286102295
5.323254177346826    2.9830000400543213
5.340707469731569    3.0380001068115234
5.358160762116313    3.072000026702881
5.375614054501057    3.0969998836517334
5.3930673468858    3.125
5.410520639270544    3.181999921798706
5.427973931655288    3.243000030517578
5.445427224040031    3.265000104904175
5.462880516424775    3.322999954223633
5.480333808809519    3.3340001106262207
5.4977871011942625    3.427000045776367
5.515240393579006    3.4749999046325684
5.53269368596375    3.552000045776367
5.550146978348494    3.549999952316284
5.567600270733237    3.739000082015991
5.585053563117981    1.649999976158142
5.602506855502725    1.6360000371932983
5.619960147887468    1.63100004196167
5.637413440272212    1.6579999923706055
5.654866732656956    1.781999945640564
5.672320025041699    1.7940000295639038
5.689773317426443    1.8240000009536743
5.707226609811187    0.0
5.7246799021959305    0.0
5.742133194580674    0.0
5.759586486965418    0.0
5.7770397793501616    0.0
5.794493071734905    0.0
5.811946364119649    0.0
5.829399656504393    0.0
5.846852948889136    0.0
5.86430624127388    0.0
5.881759533658624    0.0
5.899212826043367    0.0
5.916666118428111    0.0
5.934119410812855    0.0
5.9515727031975985    0.0
5.969025995582342    0.0
5.986479287967086    0.0
6.0039325803518295    0.0
6.021385872736573    0.0
6.038839165121317    0.0
6.056292457506061    0.0
6.073745749890804    0.0
6.091199042275548    0.0
6.108652334660292    0.0
6.126105627045035    0.0
6.143558919429779    0.0
6.161012211814523    0.0
6.178465504199266    0.0
6.19591879658401    1.3639999628067017
6.213372088968754    0.0
6.2308253813534975    2.740999937057495
6.248278673738241    0.0
6.265731966122985    0.0
0.0    0.0
0.01745329238474369    0.0
0.03490658476948738    0.0
0.05235987715423107    0.0
0.06981316953897476    0.0
0.08726646192371845    0.0
0.10471975430846214    0.0
0.12217304669320583    0.0
0.13962633907794952    0.5210000276565552
0.15707963146269321    0.0
0.1745329238474369    0.0
0.1919862162321806    0.0
0.20943950861692429    0.0
0.22689280100166798    0.0
0.24434609338641167    0.0
0.26179938577115536    2.8350000381469727
0.27925267815589905    0.0
0.29670597054064274    0.0
0.31415926292538643    0.0
0.3316125553101301    0.0
0.3490658476948738    0.0
0.3665191400796175    0.0
0.3839724324643612    0.0
0.4014257248491049    0.0
0.41887901723384857    0.0
0.43633230961859226    1.496999979019165
0.45378560200333595    1.4839999675750732
0.47123889438807964    0.0
0.48869218677282333    0.0
0.506145479157567    0.0
0.5235987715423107    0.0
0.5410520639270544    0.0
0.5585053563117981    0.0
0.5759586486965418    0.0
0.5934119410812855    0.0
0.6108652334660292    0.0
0.6283185258507729    0.0
0.6457718182355165    0.0
0.6632251106202602    0.0
0.6806784030050039    0.0
0.6981316953897476    0.0
0.7155849877744913    0.0
0.733038280159235    0.0
0.7504915725439787    0.0
0.7679448649287224    0.0
0.7853981573134661    0.0
0.8028514496982098    0.0
0.8203047420829535    0.0
0.8377580344676971    0.0
0.8552113268524408    0.0
0.8726646192371845    0.0
0.8901179116219282    0.0
0.9075712040066719    0.0
0.9250244963914156    0.0
0.9424777887761593    0.0
0.959931081160903    0.0
0.9773843735456467    0.0
0.9948376659303904    0.0
1.012290958315134    0.0
1.0297442506998777    0.0
1.0471975430846214    0.0
1.0646508354693651    0.0
1.0821041278541088    0.0
1.0995574202388525    0.0
1.1170107126235962    0.0
1.1344640050083399    0.0
1.1519172973930836    0.0
1.1693705897778273    0.0
1.186823882162571    0.0
1.2042771745473146    0.0
1.2217304669320583    0.0
1.239183759316802    0.0
1.2566370517015457    2.6019999980926514
1.2740903440862894    2.5179998874664307
1.291543636471033    2.507999897003174
1.3089969288557768    2.496999979019165
1.3264502212405205    2.5139999389648438
1.3439035136252642    2.497999906539917
1.3613568060100079    2.49399995803833
1.3788100983947515    2.493000030517578
1.3962633907794952    2.484999895095825
1.413716683164239    2.4730000495910645
1.4311699755489826    2.4790000915527344
1.4486232679337263    2.496999979019165
1.46607656031847    2.4839999675750732
1.4835298527032137    2.4760000705718994
1.5009831450879574    2.4670000076293945
1.518436437472701    2.4830000400543213
1.5358897298574448    2.4709999561309814
1.5533430222421885    2.4670000076293945
1.5707963146269321    2.4839999675750732
1.5882496070116758    2.4730000495910645
1.6057028993964195    2.4760000705718994
1.6231561917811632    2.4630000591278076
1.640609484165907    2.4860000610351562
1.6580627765506506    2.4700000286102295
1.6755160689353943    2.489000082015991
1.692969361320138    2.496999979019165
1.7104226537048817    2.507999897003174
1.7278759460896254    2.5239999294281006
1.745329238474369    2.5269999504089355
1.7627825308591127    2.5239999294281006
1.7802358232438564    2.5439999103546143
1.7976891156286001    2.555999994277954
1.8151424080133438    2.558000087738037
1.8325957003980875    2.5869998931884766
1.8500489927828312    2.5889999866485596
1.8675022851675749    2.5920000076293945
1.8849555775523186    2.6059999465942383
1.9024088699370623    2.627000093460083
1.919862162321806    3.365999937057495
1.9373154547065496    3.5999999046325684
1.9547687470912933    3.617000102996826
1.972222039476037    3.7200000286102295
1.9896753318607807    3.7330000400543213
2.0071286242455244    3.890000104904175
2.024581916630268    3.7690000534057617
2.042035209015012    3.815999984741211
2.0594885013997555    0.0
2.076941793784499    3.5980000495910645
2.094395086169243    3.680999994277954
2.1118483785539865    0.0
2.1293016709387302    0.0
2.146754963323474    0.0
2.1642082557082176    4.177000045776367
2.1816615480929613    0.0
2.199114840477705    0.0
2.2165681328624487    0.0
2.2340214252471924    0.0
2.251474717631936    0.0
2.2689280100166798    0.0
2.2863813024014235    0.0
2.303834594786167    0.0
2.321287887170911    0.0
2.3387411795556545    0.0
2.356194471940398    0.0
2.373647764325142    0.0
2.3911010567098856    0.0
2.4085543490946293    0.0
2.426007641479373    0.0
2.4434609338641167    0.0
2.4609142262488604    0.0
2.478367518633604    0.0
2.4958208110183477    0.0
2.5132741034030914    0.0
2.530727395787835    0.0
2.548180688172579    0.0
2.5656339805573225    0.0
2.583087272942066    0.0
2.60054056532681    0.0
2.6179938577115536    0.0
2.6354471500962973    0.0
2.652900442481041    0.0
2.6703537348657846    0.0
2.6878070272505283    0.0
2.705260319635272    0.0
2.7227136120200157    0.0
2.7401669044047594    0.0
2.757620196789503    0.0
2.775073489174247    0.0
2.7925267815589905    0.0
2.809980073943734    0.0
2.827433366328478    0.0
2.8448866587132215    4.196000099182129
2.8623399510979652    0.0
2.879793243482709    0.0
2.8972465358674526    4.144000053405762
2.9146998282521963    4.125999927520752
2.93215312063694    4.0279998779296875
2.9496064130216837    4.171000003814697
2.9670597054064274    4.098999977111816
2.984512997791171    4.067999839782715
3.0019662901759148    4.053999900817871
3.0194195825606585    3.9119999408721924
3.036872874945402    4.053999900817871
3.054326167330146    4.0279998779296875
3.0717794597148895    4.01800012588501
3.089232752099633    3.953000068664551
3.106686044484377    4.007999897003174
3.1241393368691206    3.9820001125335693
3.1415926292538643    3.9260001182556152
3.159045921638608    4.052000045776367
3.1764992140233517    4.0269999504089355
3.1939525064080954    3.4539999961853027
3.211405798792839    3.4549999237060547
3.2288590911775827    3.4149999618530273
3.2463123835623264    3.434999942779541
3.26376567594707    3.5290000438690186
3.281218968331814    3.4700000286102295
3.2986722607165575    3.447000026702881
3.316125553101301    3.4660000801086426
3.333578845486045    3.447999954223633
3.3510321378707886    3.565000057220459
3.3684854302555323    3.494999885559082
3.385938722640276    3.611999988555908
3.4033920150250196    3.565000057220459
3.4208453074097633    3.5199999809265137
3.438298599794507    3.575000047683716
3.4557518921792507    0.0
3.4732051845639944    0.0
3.490658476948738    0.0
3.508111769333482    0.0
3.5255650617182255    0.0
3.543018354102969    0.0
3.560471646487713    3.884999990463257
3.5779249388724566    3.931999921798706
3.5953782312572002    3.890000104904175
3.612831523641944    3.9579999446868896
3.6302848160266876    4.011000156402588
3.6477381084114313    3.9549999237060547
3.665191400796175    4.138000011444092
3.6826446931809187    0.0
3.7000979855656624    4.074999809265137
3.717551277950406    4.169000148773193
3.7350045703351498    0.0
3.7524578627198935    0.0
3.769911155104637    0.0
3.787364447489381    0.0
3.8048177398741245    0.0
3.822271032258868    0.0
3.839724324643612    0.0
3.8571776170283556    0.0
3.8746309094130993    0.0
3.892084201797843    0.0
3.9095374941825867    0.0
3.9269907865673304    0.0
3.944444078952074    0.0
3.9618973713368177    0.0
3.9793506637215614    0.0
3.996803956106305    0.0
4.014257248491049    0.0
4.0317105408757925    0.0
4.049163833260536    0.0
4.06661712564528    0.0
4.084070418030024    0.0
4.101523710414767    0.0
4.118977002799511    0.0
4.136430295184255    0.0
4.153883587568998    1.8869999647140503
4.171336879953742    1.8899999856948853
4.188790172338486    1.8680000305175781
4.206243464723229    1.8329999446868896
4.223696757107973    1.8259999752044678
4.241150049492717    1.809999942779541
4.2586033418774605    1.7899999618530273
4.276056634262204    1.7799999713897705
4.293509926646948    1.7640000581741333
4.3109632190316916    1.7359999418258667
4.328416511416435    1.7369999885559082
4.345869803801179    1.7280000448226929
4.363323096185923    1.7139999866485596
4.380776388570666    1.7029999494552612
4.39822968095541    1.6859999895095825
4.415682973340154    1.6820000410079956
4.433136265724897    1.0700000524520874
4.450589558109641    1.0499999523162842
4.468042850494385    1.0640000104904175
4.4854961428791285    1.0700000524520874
4.502949435263872    1.7519999742507935
4.520402727648616    1.9819999933242798
4.5378560200333595    2.187000036239624
4.555309312418103    2.440999984741211
4.572762604802847    2.4660000801086426
4.590215897187591    0.4390000104904175
4.607669189572334    0.4390000104904175
4.625122481957078    0.4320000112056732
4.642575774341822    0.42800000309944153
4.660029066726565    0.4259999990463257
4.677482359111309    0.42399999499320984
4.694935651496053    0.42399999499320984
4.712388943880796    0.42800000309944153
4.72984223626554    0.4259999990463257
4.747295528650284    0.42399999499320984
4.7647488210350275    0.42899999022483826
4.782202113419771    0.43700000643730164
4.799655405804515    0.44200000166893005
4.817108698189259    0.44699999690055847
4.834561990574002    0.45399999618530273
4.852015282958746    0.0
4.86946857534349    2.556999921798706
4.886921867728233    2.5320000648498535
4.904375160112977    2.5350000858306885
4.921828452497721    2.5510001182556152
4.939281744882464    2.558000087738037
4.956735037267208    2.572999954223633
4.974188329651952    2.5820000171661377
4.9916416220366955    2.5810000896453857
5.009094914421439    2.611999988555908
5.026548206806183    2.6070001125335693
5.0440014991909266    2.615000009536743
5.06145479157567    2.640000104904175
5.078908083960414    2.6619999408721924
5.096361376345158    2.6679999828338623
5.113814668729901    2.6989998817443848
5.131267961114645    2.7060000896453857
5.148721253499389    2.7309999465942383
5.166174545884132    2.746999979019165
5.183627838268876    2.7760000228881836
5.20108113065362    2.7960000038146973
5.2185344230383635    2.811000108718872
5.235987715423107    2.8359999656677246
5.253441007807851    2.872999906539917
5.2708943001925945    2.8929998874664307
5.288347592577338    2.9100000858306885
5.305800884962082    2.9700000286102295
5.323254177346826    2.990000009536743
5.340707469731569    3.0169999599456787
5.358160762116313    3.056999921798706
5.375614054501057    3.0929999351501465
5.3930673468858    3.124000072479248
5.410520639270544    3.177000045776367
5.427973931655288    3.2139999866485596
5.445427224040031    3.253000020980835
5.462880516424775    3.312999963760376
5.480333808809519    3.3580000400543213
5.4977871011942625    3.4670000076293945
5.515240393579006    3.48799991607666
5.53269368596375    3.561000108718872
5.550146978348494    3.691999912261963
5.567600270733237    3.7170000076293945
5.585053563117981    1.6440000534057617
5.602506855502725    1.6200000047683716
5.619960147887468    1.649999976158142
5.637413440272212    1.6610000133514404
5.654866732656956    1.7640000581741333
5.672320025041699    1.7920000553131104
5.689773317426443    1.8209999799728394
5.707226609811187    0.0
5.7246799021959305    0.0
5.742133194580674    0.0
5.759586486965418    0.0
5.7770397793501616    0.0
5.794493071734905    0.0
5.811946364119649    0.0
5.829399656504393    0.0
5.846852948889136    0.0
5.86430624127388    0.0
5.881759533658624    0.0
5.899212826043367    0.0
5.916666118428111    0.0
5.934119410812855    0.0
5.9515727031975985    0.0
5.969025995582342    0.0
5.986479287967086    0.0
6.0039325803518295    0.0
6.021385872736573    0.0
6.038839165121317    0.0
6.056292457506061    0.0
6.073745749890804    0.0
6.091199042275548    0.0
6.108652334660292    0.0
6.126105627045035    0.0
6.143558919429779    0.0
6.161012211814523    0.0
6.178465504199266    0.0
6.19591879658401    1.3630000352859497
6.213372088968754    0.0
6.2308253813534975    2.683000087738037
6.248278673738241    0.0
6.265731966122985    0.0
0.0    0.0
0.01745329238474369    0.0
0.03490658476948738    0.0
0.05235987715423107    0.0
0.06981316953897476    0.0
0.08726646192371845    0.0
0.10471975430846214    0.0
0.12217304669320583    0.515999972820282
0.13962633907794952    0.515999972820282
0.15707963146269321    0.0
0.1745329238474369    0.0
0.1919862162321806    0.0
0.20943950861692429    0.0
0.22689280100166798    0.0
0.24434609338641167    0.0
0.26179938577115536    0.0
0.27925267815589905    0.0
0.29670597054064274    0.0
0.31415926292538643    0.0
0.3316125553101301    0.0
0.3490658476948738    0.0
0.3665191400796175    0.0
0.3839724324643612    0.0
0.4014257248491049    0.0
0.41887901723384857    0.0
0.43633230961859226    1.4800000190734863
0.45378560200333595    1.4930000305175781
0.47123889438807964    0.0
0.48869218677282333    0.0
0.506145479157567    0.0
0.5235987715423107    0.0
0.5410520639270544    0.0
0.5585053563117981    0.0
0.5759586486965418    0.0
0.5934119410812855    0.0
0.6108652334660292    0.0
0.6283185258507729    0.0
0.6457718182355165    0.0
0.6632251106202602    0.0
0.6806784030050039    0.0
0.6981316953897476    0.0
0.7155849877744913    0.0
0.733038280159235    0.0
0.7504915725439787    0.0
0.7679448649287224    0.0
0.7853981573134661    0.0
0.8028514496982098    0.0
0.8203047420829535    0.0
0.8377580344676971    0.0
0.8552113268524408    0.0
0.8726646192371845    0.0
0.8901179116219282    0.0
0.9075712040066719    0.0
0.9250244963914156    0.0
0.9424777887761593    0.0
0.959931081160903    0.0
0.9773843735456467    0.0
0.9948376659303904    0.0
1.012290958315134    0.0
1.0297442506998777    0.0
1.0471975430846214    0.0
1.0646508354693651    0.0
1.0821041278541088    0.0
1.0995574202388525    0.0
1.1170107126235962    0.0
1.1344640050083399    0.0
1.1519172973930836    0.0
1.1693705897778273    0.0
1.186823882162571    0.0
1.2042771745473146    0.0
1.2217304669320583    0.0
1.239183759316802    0.0
1.2566370517015457    2.5460000038146973
1.2740903440862894    2.510999917984009
1.291543636471033    2.5230000019073486
1.3089969288557768    2.5429999828338623
1.3264502212405205    2.493000030517578
1.3439035136252642    2.490000009536743
1.3613568060100079    2.4830000400543213
1.3788100983947515    2.490000009536743
1.3962633907794952    2.509999990463257
1.413716683164239    2.4809999465942383
1.4311699755489826    2.493000030517578
1.4486232679337263    2.4760000705718994
1.46607656031847    2.502000093460083
1.4835298527032137    2.484999895095825
1.5009831450879574    2.484999895095825
1.518436437472701    2.4809999465942383
1.5358897298574448    2.493000030517578
1.5533430222421885    2.486999988555908
1.5707963146269321    2.4790000915527344
1.5882496070116758    2.486999988555908
1.6057028993964195    2.4830000400543213
1.6231561917811632    2.4820001125335693
1.640609484165907    2.490999937057495
1.6580627765506506    2.490000009536743
1.6755160689353943    2.496999979019165
1.692969361320138    2.500999927520752
1.7104226537048817    2.5260000228881836
1.7278759460896254    2.5260000228881836
1.745329238474369    2.5309998989105225
1.7627825308591127    2.5450000762939453
1.7802358232438564    2.5390000343322754
1.7976891156286001    2.559999942779541
1.8151424080133438    2.5850000381469727
1.8325957003980875    2.5950000286102295
1.8500489927828312    2.5889999866485596
1.8675022851675749    2.5999999046325684
1.8849555775523186    2.6070001125335693
1.9024088699370623    2.6410000324249268
1.919862162321806    3.572999954223633
1.9373154547065496    3.5920000076293945
1.9547687470912933    3.6579999923706055
1.972222039476037    3.7060000896453857
1.9896753318607807    3.744999885559082
2.0071286242455244    3.7709999084472656
2.024581916630268    3.9140000343322754
2.042035209015012    3.877000093460083
2.0594885013997555    0.0
2.076941793784499    3.6110000610351562
2.094395086169243    3.8429999351501465
2.1118483785539865    0.0
2.1293016709387302    0.0
2.146754963323474    3.875999927520752
2.1642082557082176    4.199999809265137
2.1816615480929613    0.0
2.199114840477705    0.0
2.2165681328624487    0.0
2.2340214252471924    0.0
2.251474717631936    0.0
2.2689280100166798    0.0
2.2863813024014235    0.0
2.303834594786167    0.0
2.321287887170911    0.0
2.3387411795556545    0.0
2.356194471940398    0.0
2.373647764325142    0.0
2.3911010567098856    0.0
2.4085543490946293    0.0
2.426007641479373    0.0
2.4434609338641167    0.0
2.4609142262488604    0.0
2.478367518633604    0.0
2.4958208110183477    0.0
2.5132741034030914    0.0
2.530727395787835    0.0
2.548180688172579    0.0
2.5656339805573225    0.0
2.583087272942066    0.0
2.60054056532681    0.0
2.6179938577115536    0.0
2.6354471500962973    0.0
2.652900442481041    0.0
2.6703537348657846    0.0
2.6878070272505283    0.0
2.705260319635272    0.0
2.7227136120200157    0.0
2.7401669044047594    0.0
2.757620196789503    0.0
2.775073489174247    0.0
2.7925267815589905    0.0
2.809980073943734    4.163000106811523
2.827433366328478    4.171000003814697
2.8448866587132215    0.0
2.8623399510979652    4.078000068664551
2.879793243482709    0.0
2.8972465358674526    4.123000144958496
2.9146998282521963    4.107999801635742
2.93215312063694    4.116000175476074
2.9496064130216837    4.120999813079834
2.9670597054064274    4.10099983215332
2.984512997791171    4.089000225067139
3.0019662901759148    4.046000003814697
3.0194195825606585    3.9809999465942383
3.036872874945402    3.9670000076293945
3.054326167330146    4.046999931335449
3.0717794597148895    3.9800000190734863
3.089232752099633    4.01200008392334
3.106686044484377    3.9820001125335693
3.1241393368691206    4.044000148773193
3.1415926292538643    4.047999858856201
3.159045921638608    4.0289998054504395
3.1764992140233517    3.993000030517578
3.1939525064080954    3.447000026702881
3.211405798792839    3.4189999103546143
3.2288590911775827    3.436000108718872
3.2463123835623264    3.447000026702881
3.26376567594707    3.4830000400543213
3.281218968331814    3.4690001010894775
3.2986722607165575    3.5380001068115234
3.316125553101301    3.5190000534057617
3.333578845486045    3.51200008392334
3.3510321378707886    3.561000108718872
3.3684854302555323    3.5480000972747803
3.385938722640276    3.561000108718872
3.4033920150250196    3.61899995803833
3.4208453074097633    3.5899999141693115
3.438298599794507    3.7130000591278076
3.4557518921792507    0.0
3.4732051845639944    0.0
3.490658476948738    0.0
3.508111769333482    0.0
3.5255650617182255    0.0
3.543018354102969    0.0
3.560471646487713    3.812000036239624
3.5779249388724566    3.9489998817443848
3.5953782312572002    3.9240000247955322
3.612831523641944    4.039000034332275
3.6302848160266876    4.054999828338623
3.6477381084114313    4.0370001792907715
3.665191400796175    4.061999797821045
3.6826446931809187    4.1519999504089355
3.7000979855656624    4.195000171661377
3.717551277950406    0.0
3.7350045703351498    0.0
3.7524578627198935    0.0
3.769911155104637    0.0
3.787364447489381    0.0
3.8048177398741245    0.0
3.822271032258868    0.0
3.839724324643612    0.0
3.8571776170283556    0.0
3.8746309094130993    0.0
3.892084201797843    0.0
3.9095374941825867    0.0
3.9269907865673304    0.0
3.944444078952074    0.0
3.9618973713368177    0.0
3.9793506637215614    0.0
3.996803956106305    0.0
4.014257248491049    0.0
4.0317105408757925    0.0
4.049163833260536    0.0
4.06661712564528    0.0
4.084070418030024    0.0
4.101523710414767    0.0
4.118977002799511    0.0
4.136430295184255    0.9620000123977661
4.153883587568998    0.9620000123977661
4.171336879953742    0.9819999933242798
4.188790172338486    0.9710000157356262
4.206243464723229    0.968999981880188
4.223696757107973    1.8250000476837158
4.241150049492717    1.812000036239624
4.2586033418774605    1.8070000410079956
4.276056634262204    1.7799999713897705
4.293509926646948    1.7649999856948853
4.3109632190316916    1.7450000047683716
4.328416511416435    1.753000020980835
4.345869803801179    1.7289999723434448
4.363323096185923    1.7289999723434448
4.380776388570666    1.7000000476837158
4.39822968095541    1.6920000314712524
4.415682973340154    1.6670000553131104
4.433136265724897    1.6549999713897705
4.450589558109641    1.6490000486373901
4.468042850494385    1.6490000486373901
4.4854961428791285    1.656999945640564
4.502949435263872    1.7829999923706055
4.520402727648616    2.002000093460083
4.5378560200333595    2.2219998836517334
4.555309312418103    2.440000057220459
4.572762604802847    2.4709999561309814
4.590215897187591    0.4390000104904175
4.607669189572334    0.4390000104904175
4.625122481957078    0.43299999833106995
4.642575774341822    0.42899999022483826
4.660029066726565    0.4259999990463257
4.677482359111309    0.42399999499320984
4.694935651496053    0.42399999499320984
4.712388943880796    0.42800000309944153
4.72984223626554    0.4259999990463257
4.747295528650284    0.42399999499320984
4.7647488210350275    0.4300000071525574
4.782202113419771    0.43799999356269836
4.799655405804515    0.4429999887943268
4.817108698189259    0.4480000138282776
4.834561990574002    0.45500001311302185
4.852015282958746    0.0
4.86946857534349    2.575000047683716
4.886921867728233    2.5329999923706055
4.904375160112977    2.5439999103546143
4.921828452497721    2.5420000553131104
4.939281744882464    2.562000036239624
4.956735037267208    2.569000005722046
4.974188329651952    2.5910000801086426
4.9916416220366955    2.5759999752044678
5.009094914421439    2.619999885559082
5.026548206806183    2.6059999465942383
5.0440014991909266    2.624000072479248
5.06145479157567    2.6429998874664307
5.078908083960414    2.6659998893737793
5.096361376345158    2.6710000038146973
5.113814668729901    2.697000026702881
5.131267961114645    2.7079999446868896
5.148721253499389    2.7260000705718994
5.166174545884132    2.750999927520752
5.183627838268876    2.7799999713897705
5.20108113065362    2.812999963760376
5.2185344230383635    2.815999984741211
5.235987715423107    2.8499999046325684
5.253441007807851    2.867000102996826
5.2708943001925945    2.9000000953674316
5.288347592577338    2.933000087738037
5.305800884962082    2.9570000171661377
5.323254177346826    3.002000093460083
5.340707469731569    3.009999990463257
5.358160762116313    3.065000057220459
5.375614054501057    3.0810000896453857
5.3930673468858    3.121999979019165
5.410520639270544    3.1670000553131104
5.427973931655288    3.190999984741211
5.445427224040031    3.255000114440918
5.462880516424775    3.3369998931884766
5.480333808809519    3.3350000381469727
5.4977871011942625    3.4089999198913574
5.515240393579006    3.440999984741211
5.53269368596375    3.500999927520752
5.550146978348494    3.622999906539917
5.567600270733237    3.7730000019073486
5.585053563117981    1.6269999742507935
5.602506855502725    1.6449999809265137
5.619960147887468    1.63100004196167
5.637413440272212    1.6679999828338623
5.654866732656956    1.7610000371932983
5.672320025041699    1.7730000019073486
5.689773317426443    1.8170000314712524
5.707226609811187    0.0
5.7246799021959305    0.0
5.742133194580674    0.0
5.759586486965418    0.0
5.7770397793501616    0.0
5.794493071734905    0.0
5.811946364119649    0.0
5.829399656504393    0.0
5.846852948889136    0.0
5.86430624127388    0.0
5.881759533658624    0.0
5.899212826043367    0.0
5.916666118428111    0.0
5.934119410812855    0.0
5.9515727031975985    0.0
5.969025995582342    0.0
5.986479287967086    0.0
6.0039325803518295    0.0
6.021385872736573    0.0
6.038839165121317    0.0
6.056292457506061    0.0
6.073745749890804    0.0
6.091199042275548    0.0
6.108652334660292    0.0
6.126105627045035    0.0
6.143558919429779    0.0
6.161012211814523    0.0
6.178465504199266    0.0
6.19591879658401    1.3639999628067017
6.213372088968754    0.0
6.2308253813534975    2.739000082015991
6.248278673738241    0.0
6.265731966122985    0.0
0.0    0.0
0.01745329238474369    0.0
0.03490658476948738    0.0
0.05235987715423107    0.0
0.06981316953897476    0.0
0.08726646192371845    0.0
0.10471975430846214    0.0
0.12217304669320583    0.0
0.13962633907794952    0.5210000276565552
0.15707963146269321    0.0
0.1745329238474369    0.0
0.1919862162321806    3.500999927520752
0.20943950861692429    0.0
0.22689280100166798    0.0
0.24434609338641167    0.0
0.26179938577115536    2.755000114440918
0.27925267815589905    0.0
0.29670597054064274    0.0
0.31415926292538643    0.0
0.3316125553101301    0.0
0.3490658476948738    0.0
0.3665191400796175    0.0
0.3839724324643612    0.0
0.4014257248491049    0.0
0.41887901723384857    0.0
0.43633230961859226    1.5429999828338623
0.45378560200333595    1.4910000562667847
0.47123889438807964    0.0
0.48869218677282333    0.0
0.506145479157567    0.0
0.5235987715423107    0.0
0.5410520639270544    0.0
0.5585053563117981    0.0
0.5759586486965418    0.0
0.5934119410812855    0.0
0.6108652334660292    0.0
0.6283185258507729    0.0
0.6457718182355165    0.0
0.6632251106202602    0.0
0.6806784030050039    0.0
0.6981316953897476    0.0
0.7155849877744913    0.0
0.733038280159235    0.0
0.7504915725439787    0.0
0.7679448649287224    0.0
0.7853981573134661    0.0
0.8028514496982098    0.0
0.8203047420829535    0.0
0.8377580344676971    0.0
0.8552113268524408    0.0
0.8726646192371845    0.0
0.8901179116219282    0.0
0.9075712040066719    0.0
0.9250244963914156    0.0
0.9424777887761593    0.0
0.959931081160903    0.0
0.9773843735456467    0.0
0.9948376659303904    0.0
1.012290958315134    0.0
1.0297442506998777    0.0
1.0471975430846214    0.0
1.0646508354693651    0.0
1.0821041278541088    0.0
1.0995574202388525    0.0
1.1170107126235962    0.0
1.1344640050083399    0.0
1.1519172973930836    0.0
1.1693705897778273    0.0
1.186823882162571    0.0
1.2042771745473146    0.0
1.2217304669320583    0.0
1.239183759316802    0.0
1.2566370517015457    2.578000068664551
1.2740903440862894    2.5199999809265137
1.291543636471033    2.5290000438690186
1.3089969288557768    2.496000051498413
1.3264502212405205    2.5169999599456787
1.3439035136252642    2.503000020980835
1.3613568060100079    2.4800000190734863
1.3788100983947515    2.489000082015991
1.3962633907794952    2.497999906539917
1.413716683164239    2.4760000705718994
1.4311699755489826    2.499000072479248
1.4486232679337263    2.492000102996826
1.46607656031847    2.489000082015991
1.4835298527032137    2.484999895095825
1.5009831450879574    2.4779999256134033
1.518436437472701    2.4779999256134033
1.5358897298574448    2.4830000400543213
1.5533430222421885    2.4820001125335693
1.5707963146269321    2.489000082015991
1.5882496070116758    2.4800000190734863
1.6057028993964195    2.4820001125335693
1.6231561917811632    2.4749999046325684
1.640609484165907    2.4769999980926514
1.6580627765506506    2.494999885559082
1.6755160689353943    2.493000030517578
1.692969361320138    2.500999927520752
1.7104226537048817    2.5239999294281006
1.7278759460896254    2.5280001163482666
1.745329238474369    2.5290000438690186
1.7627825308591127    2.5380001068115234
1.7802358232438564    2.5429999828338623
1.7976891156286001    2.556999921798706
1.8151424080133438    2.556999921798706
1.8325957003980875    2.5880000591278076
1.8500489927828312    2.5940001010894775
1.8675022851675749    2.6080000400543213
1.8849555775523186    2.6089999675750732
1.9024088699370623    2.628999948501587
1.919862162321806    2.8929998874664307
1.9373154547065496    3.5969998836517334
1.9547687470912933    3.6710000038146973
1.972222039476037    3.739000082015991
1.9896753318607807    3.7780001163482666
2.0071286242455244    3.7769999504089355
2.024581916630268    3.808000087738037
2.042035209015012    3.8410000801086426
2.0594885013997555    0.0
2.076941793784499    3.5969998836517334
2.094395086169243    3.61899995803833
2.1118483785539865    0.0
2.1293016709387302    0.0
2.146754963323474    0.0
2.1642082557082176    4.185999870300293
2.1816615480929613    0.0
2.199114840477705    0.0
2.2165681328624487    0.0
2.2340214252471924    0.0
2.251474717631936    0.0
2.2689280100166798    0.0
2.2863813024014235    0.0
2.303834594786167    0.0
2.321287887170911    0.0
2.3387411795556545    0.0
2.356194471940398    0.0
2.373647764325142    0.0
2.3911010567098856    0.0
2.4085543490946293    0.0
2.426007641479373    0.0
2.4434609338641167    0.0
2.4609142262488604    0.0
2.478367518633604    0.0
2.4958208110183477    0.0
2.5132741034030914    0.0
2.530727395787835    0.0
2.548180688172579    0.0
2.5656339805573225    0.0
2.583087272942066    0.0
2.60054056532681    0.0
2.6179938577115536    0.0
2.6354471500962973    0.0
2.652900442481041    0.0
2.6703537348657846    0.0
2.6878070272505283    0.0
2.705260319635272    0.0
2.7227136120200157    0.0
2.7401669044047594    0.0
2.757620196789503    0.0
2.775073489174247    0.0
2.7925267815589905    0.0
2.809980073943734    0.0
2.827433366328478    0.0
2.8448866587132215    0.0
2.8623399510979652    4.171000003814697
2.879793243482709    4.150000095367432
2.8972465358674526    4.058000087738037
2.9146998282521963    4.130000114440918
2.93215312063694    4.111000061035156
2.9496064130216837    4.0320000648498535
2.9670597054064274    4.040999889373779
2.984512997791171    4.11299991607666
3.0019662901759148    4.123000144958496
3.0194195825606585    3.9590001106262207
3.036872874945402    4.0289998054504395
3.054326167330146    3.944000005722046
3.0717794597148895    3.930999994277954
3.089232752099633    3.986999988555908
3.106686044484377    3.9790000915527344
3.1241393368691206    3.9719998836517334
3.1415926292538643    4.064000129699707
3.159045921638608    4.026000022888184
3.1764992140233517    4.086999893188477
3.1939525064080954    3.4739999771118164
3.211405798792839    3.4609999656677246
3.2288590911775827    3.4590001106262207
3.2463123835623264    3.496000051498413
3.26376567594707    3.505000114440918
3.281218968331814    3.4570000171661377
3.2986722607165575    3.506999969482422
3.316125553101301    3.5
3.333578845486045    3.438999891281128
3.3510321378707886    3.4630000591278076
3.3684854302555323    3.572999954223633
3.385938722640276    3.5859999656677246
3.4033920150250196    3.5739998817443848
3.4208453074097633    3.6649999618530273
3.438298599794507    3.61899995803833
3.4557518921792507    0.0
3.4732051845639944    0.0
3.490658476948738    0.0
3.508111769333482    0.0
3.5255650617182255    4.188000202178955
3.543018354102969    0.0
3.560471646487713    3.8269999027252197
3.5779249388724566    3.946000099182129
3.5953782312572002    3.888000011444092
3.612831523641944    3.9560000896453857
3.6302848160266876    3.947999954223633
3.6477381084114313    3.927999973297119
3.665191400796175    4.043000221252441
3.6826446931809187    0.0
3.7000979855656624    0.0
3.717551277950406    0.0
3.7350045703351498    0.0
3.7524578627198935    0.0
3.769911155104637    0.0
3.787364447489381    0.0
3.8048177398741245    0.0
3.822271032258868    0.0
3.839724324643612    0.0
3.8571776170283556    0.0
3.8746309094130993    0.0
3.892084201797843    0.0
3.9095374941825867    0.0
3.9269907865673304    0.0
3.944444078952074    0.0
3.9618973713368177    0.0
3.9793506637215614    0.0
3.996803956106305    0.0
4.014257248491049    0.0
4.0317105408757925    0.0
4.049163833260536    0.949999988079071
4.06661712564528    0.949999988079071
4.084070418030024    0.9440000057220459
4.101523710414767    0.9380000233650208
4.118977002799511    0.9470000267028809
4.136430295184255    0.0
4.153883587568998    1.8170000314712524
4.171336879953742    1.8919999599456787
4.188790172338486    1.875
4.206243464723229    1.8619999885559082
4.223696757107973    1.8309999704360962
4.241150049492717    1.809000015258789
4.2586033418774605    1.7929999828338623
4.276056634262204    1.7929999828338623
4.293509926646948    1.75
4.3109632190316916    1.7450000047683716
4.328416511416435    1.753999948501587
4.345869803801179    1.7369999885559082
4.363323096185923    1.7109999656677246
4.380776388570666    1.6950000524520874
4.39822968095541    1.7000000476837158
4.415682973340154    1.6920000314712524
4.433136265724897    1.6790000200271606
4.450589558109641    1.659000039100647
4.468042850494385    1.6399999856948853
4.4854961428791285    1.6490000486373901
4.502949435263872    1.7960000038146973
4.520402727648616    1.9880000352859497
4.5378560200333595    2.186000108718872
4.555309312418103    2.4159998893737793
4.572762604802847    2.4790000915527344
4.590215897187591    0.4390000104904175
4.607669189572334    0.4390000104904175
4.625122481957078    0.43299999833106995
4.642575774341822    0.42800000309944153
4.660029066726565    0.42500001192092896
4.677482359111309    0.4230000078678131
4.694935651496053    0.42399999499320984
4.712388943880796    0.42899999022483826
4.72984223626554    0.4259999990463257
4.747295528650284    0.42399999499320984
4.7647488210350275    0.42800000309944153
4.782202113419771    0.43700000643730164
4.799655405804515    0.44200000166893005
4.817108698189259    0.44600000977516174
4.834561990574002    0.45399999618530273
4.852015282958746    0.0
4.86946857534349    2.571000099182129
4.886921867728233    2.5280001163482666
4.904375160112977    2.5339999198913574
4.921828452497721    2.561000108718872
4.939281744882464    2.552000045776367
4.956735037267208    2.569999933242798
4.974188329651952    2.572000026702881
4.9916416220366955    2.5889999866485596
5.009094914421439    2.61899995803833
5.026548206806183    2.614000082015991
5.0440014991909266    2.627000093460083
5.06145479157567    2.6419999599456787
5.078908083960414    2.6600000858306885
5.096361376345158    2.688999891281128
5.113814668729901    2.687000036239624
5.131267961114645    2.7039999961853027
5.148721253499389    2.7230000495910645
5.166174545884132    2.740999937057495
5.183627838268876    2.765000104904175
5.20108113065362    2.806999921798706
5.2185344230383635    2.803999900817871
5.235987715423107    2.8420000076293945
5.253441007807851    2.882999897003174
5.2708943001925945    2.8949999809265137
5.288347592577338    2.9149999618530273
5.305800884962082    2.9539999961853027
5.323254177346826    2.9860000610351562
5.340707469731569    3.009999990463257
5.358160762116313    3.061000108718872
5.375614054501057    3.072000026702881
5.3930673468858    3.130000114440918
5.410520639270544    3.1730000972747803
5.427973931655288    3.2200000286102295
5.445427224040031    3.2820000648498535
5.462880516424775    3.315999984741211
5.480333808809519    3.382999897003174
5.4977871011942625    3.4260001182556152
5.515240393579006    3.48799991607666
5.53269368596375    3.5409998893737793
5.550146978348494    3.5840001106262207
5.567600270733237    3.752000093460083
5.585053563117981    1.6510000228881836
5.602506855502725    1.6460000276565552
5.619960147887468    1.6339999437332153
5.637413440272212    1.6729999780654907
5.654866732656956    1.7680000066757202
5.672320025041699    1.774999976158142
5.689773317426443    1.8259999752044678
5.707226609811187    0.0
5.7246799021959305    0.0
5.742133194580674    0.0
5.759586486965418    0.0
5.7770397793501616    0.0
5.794493071734905    0.0
5.811946364119649    0.0
5.829399656504393    0.0
5.846852948889136    0.0
5.86430624127388    0.0
5.881759533658624    0.0
5.899212826043367    0.0
5.916666118428111    0.0
5.934119410812855    0.0
5.9515727031975985    0.0
5.969025995582342    0.0
5.986479287967086    0.0
6.0039325803518295    0.0
6.021385872736573    0.0
6.038839165121317    0.0
6.056292457506061    0.0
6.073745749890804    0.0
6.091199042275548    0.0
6.108652334660292    0.0
6.126105627045035    0.0
6.143558919429779    0.0
6.161012211814523    0.0
6.178465504199266    0.0
6.19591879658401    1.347000002861023
6.213372088968754    0.0
6.2308253813534975    2.7139999866485596
6.248278673738241    0.0
6.265731966122985    0.0
0.0    0.0
0.01745329238474369    0.0
0.03490658476948738    0.0
0.05235987715423107    0.0
0.06981316953897476    0.0
0.08726646192371845    0.0
0.10471975430846214    0.0
0.12217304669320583    0.0
0.13962633907794952    0.5130000114440918
0.15707963146269321    0.0
0.1745329238474369    0.0
0.1919862162321806    3.4189999103546143
0.20943950861692429    0.0
0.22689280100166798    0.0
0.24434609338641167    0.0
0.26179938577115536    0.0
0.27925267815589905    0.0
0.29670597054064274    0.0
0.31415926292538643    0.0
0.3316125553101301    0.0
0.3490658476948738    0.0
0.3665191400796175    0.0
0.3839724324643612    0.0
0.4014257248491049    0.0
0.41887901723384857    0.0
0.43633230961859226    1.5269999504089355
0.45378560200333595    1.4769999980926514
0.47123889438807964    0.0
0.48869218677282333    0.0
0.506145479157567    0.0
0.5235987715423107    0.0
0.5410520639270544    0.0
0.5585053563117981    0.0
0.5759586486965418    0.0
0.5934119410812855    0.0
0.6108652334660292    0.0
0.6283185258507729    0.0
0.6457718182355165    0.0
0.6632251106202602    0.0
0.6806784030050039    0.0
0.6981316953897476    0.0
0.7155849877744913    0.0
0.733038280159235    0.0
0.7504915725439787    0.0
0.7679448649287224    0.0
0.7853981573134661    0.0
0.8028514496982098    0.0
0.8203047420829535    0.0
0.8377580344676971    0.0
0.8552113268524408    0.0
0.8726646192371845    0.0
0.8901179116219282    0.0
0.9075712040066719    0.0
0.9250244963914156    0.0
0.9424777887761593    0.0
0.959931081160903    0.0
0.9773843735456467    0.0
0.9948376659303904    0.0
1.012290958315134    0.0
1.0297442506998777    0.0
1.0471975430846214    0.0
1.0646508354693651    0.0
1.0821041278541088    0.0
1.0995574202388525    0.0
1.1170107126235962    0.0
1.1344640050083399    0.0
1.1519172973930836    0.0
1.1693705897778273    0.0
1.186823882162571    0.0
1.2042771745473146    0.0
1.2217304669320583    0.0
1.239183759316802    0.0
1.2566370517015457    2.490000009536743
1.2740903440862894    2.515000104904175
1.291543636471033    2.500999927520752
1.3089969288557768    2.5169999599456787
1.3264502212405205    2.502000093460083
1.3439035136252642    2.493000030517578
1.3613568060100079    2.4779999256134033
1.3788100983947515    2.4749999046325684
1.3962633907794952    2.503000020980835
1.413716683164239    2.4800000190734863
1.4311699755489826    2.484999895095825
1.4486232679337263    2.496999979019165
1.46607656031847    2.4839999675750732
1.4835298527032137    2.484999895095825
1.5009831450879574    2.4730000495910645
1.518436437472701    2.486999988555908
1.5358897298574448    2.4619998931884766
1.5533430222421885    2.4639999866485596
1.5707963146269321    2.4749999046325684
1.5882496070116758    2.4790000915527344
1.6057028993964195    2.4800000190734863
1.6231561917811632    2.489000082015991
1.640609484165907    2.494999885559082
1.6580627765506506    2.4760000705718994
1.6755160689353943    2.5
1.692969361320138    2.4800000190734863
1.7104226537048817    2.509999990463257
1.7278759460896254    2.500999927520752
1.745329238474369    2.5299999713897705
1.7627825308591127    2.5290000438690186
1.7802358232438564    2.5329999923706055
1.7976891156286001    2.566999912261963
1.8151424080133438    2.5769999027252197
1.8325957003980875    2.562999963760376
1.8500489927828312    2.5850000381469727
1.8675022851675749    2.5969998836517334
1.8849555775523186    2.6070001125335693
1.9024088699370623    2.621999979019165
1.919862162321806    2.627000093460083
1.9373154547065496    3.5810000896453857
1.9547687470912933    3.63100004196167
1.972222039476037    3.7860000133514404
1.9896753318607807    3.703000068664551
2.0071286242455244    3.872999906539917
2.024581916630268    3.8420000076293945
2.042035209015012    3.809999942779541
2.0594885013997555    0.0
2.076941793784499    0.0
2.094395086169243    3.7170000076293945
2.1118483785539865    0.0
2.1293016709387302    0.0
2.146754963323474    0.0
2.1642082557082176    0.0
2.1816615480929613    0.0
2.199114840477705    0.0
2.2165681328624487    0.0
2.2340214252471924    0.0
2.251474717631936    0.0
2.2689280100166798    0.0
2.2863813024014235    0.0
2.303834594786167    0.0
2.321287887170911    0.0
2.3387411795556545    0.0
2.356194471940398    0.0
2.373647764325142    0.0
2.3911010567098856    0.0
2.4085543490946293    0.0
2.426007641479373    0.0
2.4434609338641167    0.0
2.4609142262488604    0.0
2.478367518633604    0.0
2.4958208110183477    0.0
2.5132741034030914    0.0
2.530727395787835    0.0
2.548180688172579    0.0
2.5656339805573225    0.0
2.583087272942066    0.0
2.60054056532681    0.0
2.6179938577115536    0.0
2.6354471500962973    0.0
2.652900442481041    0.0
2.6703537348657846    0.0
2.6878070272505283    0.0
2.705260319635272    0.0
2.7227136120200157    0.0
2.7401669044047594    0.0
2.757620196789503    0.0
2.775073489174247    0.0
2.7925267815589905    0.0
2.809980073943734    0.0
2.827433366328478    0.0
2.8448866587132215    0.0
2.8623399510979652    0.0
2.879793243482709    4.090000152587891
2.8972465358674526    4.199999809265137
2.9146998282521963    4.159999847412109
2.93215312063694    4.192999839782715
2.9496064130216837    4.11299991607666
2.9670597054064274    4.085000038146973
2.984512997791171    4.068999767303467
3.0019662901759148    4.051000118255615
3.0194195825606585    3.9779999256134033
3.036872874945402    4.013000011444092
3.054326167330146    4.056000232696533
3.0717794597148895    4.0229997634887695
3.089232752099633    4.038000106811523
3.106686044484377    4.034999847412109
3.1241393368691206    3.996000051498413
3.1415926292538643    3.9779999256134033
3.159045921638608    3.9700000286102295
3.1764992140233517    3.9739999771118164
3.1939525064080954    0.0
3.211405798792839    3.489000082015991
3.2288590911775827    3.4489998817443848
3.2463123835623264    3.4590001106262207
3.26376567594707    3.49399995803833
3.281218968331814    3.50600004196167
3.2986722607165575    3.494999885559082
3.316125553101301    3.503000020980835
3.333578845486045    3.4839999675750732
3.3510321378707886    3.569000005722046
3.3684854302555323    3.5160000324249268
3.385938722640276    3.635999917984009
3.4033920150250196    3.5999999046325684
3.4208453074097633    3.6410000324249268
3.438298599794507    3.624000072479248
3.4557518921792507    0.0
3.4732051845639944    0.0
3.490658476948738    0.0
3.508111769333482    0.0
3.5255650617182255    0.0
3.543018354102969    0.0
3.560471646487713    0.0
3.5779249388724566    3.88100004196167
3.5953782312572002    3.877000093460083
3.612831523641944    3.8570001125335693
3.6302848160266876    3.818000078201294
3.6477381084114313    4.013999938964844
3.665191400796175    4.09499979019165
3.6826446931809187    4.085000038146973
3.7000979855656624    0.0
3.717551277950406    0.0
3.7350045703351498    0.0
3.7524578627198935    0.0
3.769911155104637    0.0
3.787364447489381    0.0
3.8048177398741245    0.0
3.822271032258868    0.0
3.839724324643612    0.0
3.8571776170283556    0.0
3.8746309094130993    0.0
3.892084201797843    0.0
3.9095374941825867    0.0
3.9269907865673304    0.0
3.944444078952074    0.0
3.9618973713368177    0.0
3.9793506637215614    0.0
3.996803956106305    0.0
4.014257248491049    0.0
4.0317105408757925    0.9599999785423279
4.049163833260536    0.9599999785423279
4.06661712564528    0.9570000171661377
4.084070418030024    0.9509999752044678
4.101523710414767    0.9409999847412109
4.118977002799511    0.0
4.136430295184255    0.0
4.153883587568998    1.8370000123977661
4.171336879953742    1.8930000066757202
4.188790172338486    1.8730000257492065
4.206243464723229    1.8530000448226929
4.223696757107973    1.8359999656677246
4.241150049492717    1.815000057220459
4.2586033418774605    1.815999984741211
4.276056634262204    1.7869999408721924
4.293509926646948    1.781000018119812
4.3109632190316916    1.7599999904632568
4.328416511416435    1.7359999418258667
4.345869803801179    1.7350000143051147
4.363323096185923    1.718999981880188
4.380776388570666    1.7100000381469727
4.39822968095541    1.7009999752044678
4.415682973340154    1.6820000410079956
4.433136265724897    1.6890000104904175
4.450589558109641    1.6679999828338623
4.468042850494385    1.625
4.4854961428791285    1.659999966621399
4.502949435263872    1.7920000553131104
4.520402727648616    1.9630000591278076
4.5378560200333595    2.177999973297119
4.555309312418103    2.4040000438690186
4.572762604802847    2.486999988555908
4.590215897187591    0.4399999976158142
4.607669189572334    0.4399999976158142
4.625122481957078    0.43299999833106995
4.642575774341822    0.42800000309944153
4.660029066726565    0.42500001192092896
4.677482359111309    0.421999990940094
4.694935651496053    0.4560000002384186
4.712388943880796    0.42899999022483826
4.72984223626554    0.4259999990463257
4.747295528650284    0.42399999499320984
4.7647488210350275    0.42800000309944153
4.782202113419771    0.43700000643730164
4.799655405804515    0.44200000166893005
4.817108698189259    0.44600000977516174
4.834561990574002    0.4519999921321869
4.852015282958746    0.0
4.86946857534349    2.571000099182129
4.886921867728233    2.5429999828338623
4.904375160112977    2.5280001163482666
4.921828452497721    2.555999994277954
4.939281744882464    2.5450000762939453
4.956735037267208    2.572000026702881
4.974188329651952    2.578000068664551
4.9916416220366955    2.5810000896453857
5.009094914421439    2.5950000286102295
5.026548206806183    2.615999937057495
5.0440014991909266    2.625
5.06145479157567    2.630000114440918
5.078908083960414    2.6519999504089355
5.096361376345158    2.694000005722046
5.113814668729901    2.678999900817871
5.131267961114645    2.7070000171661377
5.148721253499389    2.740999937057495
5.166174545884132    2.740999937057495
5.183627838268876    2.763000011444092
5.20108113065362    2.803999900817871
5.2185344230383635    2.809999942779541
5.235987715423107    2.8380000591278076
5.253441007807851    2.86899995803833
5.2708943001925945    2.88700008392334
5.288347592577338    2.931999921798706
5.305800884962082    2.9630000591278076
5.323254177346826    2.9820001125335693
5.340707469731569    3.0179998874664307
5.358160762116313    3.062999963760376
5.375614054501057    3.0820000171661377
5.3930673468858    3.1449999809265137
5.410520639270544    3.1610000133514404
5.427973931655288    3.2260000705718994
5.445427224040031    3.2820000648498535
5.462880516424775    3.3570001125335693
5.480333808809519    3.3489999771118164
5.4977871011942625    3.434000015258789
5.515240393579006    3.4679999351501465
5.53269368596375    3.61299991607666
5.550146978348494    3.630000114440918
5.567600270733237    3.759999990463257
5.585053563117981    1.6640000343322754
5.602506855502725    1.6449999809265137
5.619960147887468    1.6339999437332153
5.637413440272212    1.656999945640564
5.654866732656956    1.7970000505447388
5.672320025041699    1.7599999904632568
5.689773317426443    1.8229999542236328
5.707226609811187    0.0
5.7246799021959305    0.0
5.742133194580674    0.0
5.759586486965418    0.0
5.7770397793501616    0.0
5.794493071734905    0.0
5.811946364119649    0.0
5.829399656504393    0.0
5.846852948889136    0.0
5.86430624127388    0.0
5.881759533658624    0.0
5.899212826043367    0.0
5.916666118428111    0.0
5.934119410812855    0.0
5.9515727031975985    0.0
5.969025995582342    0.0
5.986479287967086    0.0
6.0039325803518295    0.0
6.021385872736573    0.0
6.038839165121317    0.0
6.056292457506061    0.0
6.073745749890804    0.0
6.091199042275548    0.0
6.108652334660292    0.0
6.126105627045035    0.0
6.143558919429779    0.0
6.161012211814523    0.0
6.178465504199266    0.0
6.19591879658401    1.3589999675750732
6.213372088968754    0.0
6.2308253813534975    2.739000082015991
6.248278673738241    0.0
6.265731966122985    0.0
0.0    0.0
0.01745329238474369    0.0
0.03490658476948738    0.0
0.05235987715423107    0.0
0.06981316953897476    0.0
0.08726646192371845    0.0
0.10471975430846214    0.0
0.12217304669320583    0.0
0.13962633907794952    0.5270000100135803
0.15707963146269321    0.0
0.1745329238474369    0.0
0.1919862162321806    0.0
0.20943950861692429    0.0
0.22689280100166798    0.0
0.24434609338641167    0.0
0.26179938577115536    2.7820000648498535
0.27925267815589905    0.0
0.29670597054064274    0.0
0.31415926292538643    0.0
0.3316125553101301    0.0
0.3490658476948738    0.0
0.3665191400796175    0.0
0.3839724324643612    0.0
0.4014257248491049    0.0
0.41887901723384857    0.0
0.43633230961859226    1.4819999933242798
0.45378560200333595    1.5119999647140503
0.47123889438807964    0.0
0.48869218677282333    0.0
0.506145479157567    0.0
0.5235987715423107    0.0
0.5410520639270544    0.0
0.5585053563117981    0.0
0.5759586486965418    0.0
0.5934119410812855    0.0
0.6108652334660292    0.0
0.6283185258507729    0.0
0.6457718182355165    0.0
0.6632251106202602    0.0
0.6806784030050039    0.0
0.6981316953897476    0.0
0.7155849877744913    0.0
0.733038280159235    0.0
0.7504915725439787    0.0
0.7679448649287224    0.0
0.7853981573134661    0.0
0.8028514496982098    0.0
0.8203047420829535    0.0
0.8377580344676971    0.0
0.8552113268524408    0.0
0.8726646192371845    0.0
0.8901179116219282    0.0
0.9075712040066719    0.0
0.9250244963914156    0.0
0.9424777887761593    0.0
0.959931081160903    0.0
0.9773843735456467    0.0
0.9948376659303904    0.0
1.012290958315134    0.0
1.0297442506998777    0.0
1.0471975430846214    0.0
1.0646508354693651    0.0
1.0821041278541088    0.0
1.0995574202388525    0.0
1.1170107126235962    0.0
1.1344640050083399    0.0
1.1519172973930836    0.0
1.1693705897778273    0.0
1.186823882162571    0.0
1.2042771745473146    0.0
1.2217304669320583    0.0
1.239183759316802    0.0
1.2566370517015457    2.5439999103546143
1.2740903440862894    2.500999927520752
1.291543636471033    2.5309998989105225
1.3089969288557768    2.507999897003174
1.3264502212405205    2.490999937057495
1.3439035136252642    2.48799991607666
1.3613568060100079    2.486999988555908
1.3788100983947515    2.49399995803833
1.3962633907794952    2.49399995803833
1.413716683164239    2.4769999980926514
1.4311699755489826    2.489000082015991
1.4486232679337263    2.4769999980926514
1.46607656031847    2.496000051498413
1.4835298527032137    2.484999895095825
1.5009831450879574    2.4769999980926514
1.518436437472701    2.490999937057495
1.5358897298574448    2.4860000610351562
1.5533430222421885    2.4860000610351562
1.5707963146269321    2.4769999980926514
1.5882496070116758    2.4800000190734863
1.6057028993964195    2.4860000610351562
1.6231561917811632    2.4839999675750732
1.640609484165907    2.4820001125335693
1.6580627765506506    2.4860000610351562
1.6755160689353943    2.494999885559082
1.692969361320138    2.509999990463257
1.7104226537048817    2.510999917984009
1.7278759460896254    2.5179998874664307
1.745329238474369    2.5309998989105225
1.7627825308591127    2.5339999198913574
1.7802358232438564    2.5490000247955322
1.7976891156286001    2.5510001182556152
1.8151424080133438    2.555999994277954
1.8325957003980875    2.5989999771118164
1.8500489927828312    2.5959999561309814
1.8675022851675749    2.5910000801086426
1.8849555775523186    2.611999988555908
1.9024088699370623    2.632999897003174
1.919862162321806    3.509999990463257
1.9373154547065496    3.6040000915527344
1.9547687470912933    3.6579999923706055
1.972222039476037    3.747999906539917
1.9896753318607807    3.7909998893737793
2.0071286242455244    3.752000093460083
2.024581916630268    3.822999954223633
2.042035209015012    3.868000030517578
2.0594885013997555    0.0
2.076941793784499    3.572999954223633
2.094395086169243    3.677999973297119
2.1118483785539865    0.0
2.1293016709387302    0.0
2.146754963323474    0.0
2.1642082557082176    4.1529998779296875
2.1816615480929613    0.0
2.199114840477705    0.0
2.2165681328624487    0.0
2.2340214252471924    0.0
2.251474717631936    0.0
2.2689280100166798    0.0
2.2863813024014235    0.0
2.303834594786167    0.0
2.321287887170911    0.0
2.3387411795556545    0.0
2.356194471940398    0.0
2.373647764325142    0.0
2.3911010567098856    0.0
2.4085543490946293    0.0
2.426007641479373    0.0
2.4434609338641167    0.0
2.4609142262488604    0.0
2.478367518633604    0.0
2.4958208110183477    0.0
2.5132741034030914    0.0
2.530727395787835    0.0
2.548180688172579    0.0
2.5656339805573225    0.0
2.583087272942066    0.0
2.60054056532681    0.0
2.6179938577115536    0.0
2.6354471500962973    0.0
2.652900442481041    0.0
2.6703537348657846    0.0
2.6878070272505283    0.0
2.705260319635272    0.0
2.7227136120200157    0.0
2.7401669044047594    0.0
2.757620196789503    0.0
2.775073489174247    0.0
2.7925267815589905    0.0
2.809980073943734    0.0
2.827433366328478    4.197999954223633
2.8448866587132215    0.0
2.8623399510979652    4.127999782562256
2.879793243482709    4.190000057220459
2.8972465358674526    4.078000068664551
2.9146998282521963    4.079999923706055
2.93215312063694    4.093999862670898
2.9496064130216837    4.189000129699707
2.9670597054064274    4.138999938964844
2.984512997791171    4.098999977111816
3.0019662901759148    3.875999927520752
3.0194195825606585    4.043000221252441
3.036872874945402    4.063000202178955
3.054326167330146    4.113999843597412
3.0717794597148895    3.9630000591278076
3.089232752099633    4.065999984741211
3.106686044484377    4.048999786376953
3.1241393368691206    3.9839999675750732
3.1415926292538643    4.019000053405762
3.159045921638608    4.0329999923706055
3.1764992140233517    4.005000114440918
3.1939525064080954    3.4730000495910645
3.211405798792839    3.4539999961853027
3.2288590911775827    3.421999931335449
3.2463123835623264    3.437999963760376
3.26376567594707    3.499000072479248
3.281218968331814    3.4700000286102295
3.2986722607165575    3.5139999389648438
3.316125553101301    3.5260000228881836
3.333578845486045    3.5339999198913574
3.3510321378707886    3.5339999198913574
3.3684854302555323    3.552999973297119
3.385938722640276    3.506999969482422
3.4033920150250196    3.5959999561309814
3.4208453074097633    3.5510001182556152
3.438298599794507    3.5510001182556152
3.4557518921792507    0.0
3.4732051845639944    0.0
3.490658476948738    0.0
3.508111769333482    0.0
3.5255650617182255    0.0
3.543018354102969    0.0
3.560471646487713    3.7309999465942383
3.5779249388724566    3.940999984741211
3.5953782312572002    3.9210000038146973
3.612831523641944    4.031000137329102
3.6302848160266876    3.9769999980926514
3.6477381084114313    4.1020002365112305
3.665191400796175    4.123000144958496
3.6826446931809187    0.0
3.7000979855656624    4.196000099182129
3.717551277950406    4.171999931335449
3.7350045703351498    0.0
3.7524578627198935    0.0
3.769911155104637    0.0
3.787364447489381    0.0
3.8048177398741245    0.0
3.822271032258868    0.0
3.839724324643612    0.0
3.8571776170283556    0.0
3.8746309094130993    0.0
3.892084201797843    0.0
3.9095374941825867    0.0
3.9269907865673304    0.0
3.944444078952074    0.0
3.9618973713368177    0.0
3.9793506637215614    0.0
3.996803956106305    0.0
4.014257248491049    0.9810000061988831
4.0317105408757925    0.9810000061988831
4.049163833260536    0.9760000109672546
4.06661712564528    0.9679999947547913
4.084070418030024    0.9760000109672546
4.101523710414767    0.0
4.118977002799511    0.0
4.136430295184255    0.0
4.153883587568998    1.9040000438690186
4.171336879953742    1.9049999713897705
4.188790172338486    1.8609999418258667
4.206243464723229    1.8420000076293945
4.223696757107973    1.8279999494552612
4.241150049492717    1.819000005722046
4.2586033418774605    1.7999999523162842
4.276056634262204    1.7860000133514404
4.293509926646948    1.7580000162124634
4.3109632190316916    1.7480000257492065
4.328416511416435    1.7380000352859497
4.345869803801179    1.7389999628067017
4.363323096185923    1.7200000286102295
4.380776388570666    1.7089999914169312
4.39822968095541    1.687000036239624
4.415682973340154    1.6890000104904175
4.433136265724897    1.6540000438690186
4.450589558109641    1.649999976158142
4.468042850494385    1.656999945640564
4.4854961428791285    1.649999976158142
4.502949435263872    1.7949999570846558
4.520402727648616    2.0250000953674316
4.5378560200333595    2.2139999866485596
4.555309312418103    2.446000099182129
4.572762604802847    2.4670000076293945
4.590215897187591    0.43799999356269836
4.607669189572334    0.43799999356269836
4.625122481957078    0.4320000112056732
4.642575774341822    0.42800000309944153
4.660029066726565    0.42500001192092896
4.677482359111309    0.4230000078678131
4.694935651496053    0.42399999499320984
4.712388943880796    0.4269999861717224
4.72984223626554    0.4259999990463257
4.747295528650284    0.42399999499320984
4.7647488210350275    0.4300000071525574
4.782202113419771    0.43799999356269836
4.799655405804515    0.4429999887943268
4.817108698189259    0.4480000138282776
4.834561990574002    0.4560000002384186
4.852015282958746    0.0
4.86946857534349    2.562999963760376
4.886921867728233    2.5369999408721924
4.904375160112977    2.5320000648498535
4.921828452497721    2.546999931335449
4.939281744882464    2.565000057220459
4.956735037267208    2.5840001106262207
4.974188329651952    2.5959999561309814
4.9916416220366955    2.5859999656677246
5.009094914421439    2.609999895095825
5.026548206806183    2.615999937057495
5.0440014991909266    2.622999906539917
5.06145479157567    2.6440000534057617
5.078908083960414    2.6649999618530273
5.096361376345158    2.684999942779541
5.113814668729901    2.700000047683716
5.131267961114645    2.697000026702881
5.148721253499389    2.7230000495910645
5.166174545884132    2.765000104904175
5.183627838268876    2.759000062942505
5.20108113065362    2.809999942779541
5.2185344230383635    2.8269999027252197
5.235987715423107    2.8480000495910645
5.253441007807851    2.878999948501587
5.2708943001925945    2.8940000534057617
5.288347592577338    2.928999900817871
5.305800884962082    2.9679999351501465
5.323254177346826    2.9820001125335693
5.340707469731569    3.0399999618530273
5.358160762116313    3.065000057220459
5.375614054501057    3.1080000400543213
5.3930673468858    3.134999990463257
5.410520639270544    3.1689999103546143
5.427973931655288    3.2269999980926514
5.445427224040031    3.246000051498413
5.462880516424775    3.3359999656677246
5.480333808809519    3.3550000190734863
5.4977871011942625    3.427000045776367
5.515240393579006    3.49399995803833
5.53269368596375    3.552000045776367
5.550146978348494    3.634999990463257
5.567600270733237    3.816999912261963
5.585053563117981    1.6640000343322754
5.602506855502725    1.628000020980835
5.619960147887468    1.6380000114440918
5.637413440272212    1.6480000019073486
5.654866732656956    1.7740000486373901
5.672320025041699    1.7979999780654907
5.689773317426443    1.8370000123977661
5.707226609811187    0.0
5.7246799021959305    0.0
5.742133194580674    0.0
5.759586486965418    0.0
5.7770397793501616    0.0
5.794493071734905    0.0
5.811946364119649    0.0
5.829399656504393    0.0
5.846852948889136    0.0
5.86430624127388    0.0
5.881759533658624    0.0
5.899212826043367    0.0
5.916666118428111    0.0
5.934119410812855    0.0
5.9515727031975985    0.0
5.969025995582342    0.0
5.986479287967086    0.0
6.0039325803518295    0.0
6.021385872736573    0.0
6.038839165121317    0.0
6.056292457506061    0.0
6.073745749890804    0.0
6.091199042275548    0.0
6.108652334660292    0.0
6.126105627045035    0.0
6.143558919429779    0.0
6.161012211814523    0.0
6.178465504199266    0.0
6.19591879658401    1.3619999885559082
6.213372088968754    0.0
6.2308253813534975    2.7780001163482666
6.248278673738241    0.0
6.265731966122985    0.0
0.0    0.0
0.01745329238474369    0.0
0.03490658476948738    0.0
0.05235987715423107    0.0
0.06981316953897476    0.0
0.08726646192371845    0.0
0.10471975430846214    0.0
0.12217304669320583    0.5189999938011169
0.13962633907794952    0.5189999938011169
0.15707963146269321    0.0
0.1745329238474369    0.0
0.1919862162321806    0.0
0.20943950861692429    0.0
0.22689280100166798    0.0
0.24434609338641167    0.0
0.26179938577115536    2.7899999618530273
0.27925267815589905    0.0
0.29670597054064274    0.0
0.31415926292538643    0.0
0.3316125553101301    0.0
0.3490658476948738    0.0
0.3665191400796175    0.0
0.3839724324643612    0.0
0.4014257248491049    0.0
0.41887901723384857    0.0
0.43633230961859226    1.4789999723434448
0.45378560200333595    1.4869999885559082
0.47123889438807964    0.0
0.48869218677282333    0.0
0.506145479157567    0.0
0.5235987715423107    0.0
0.5410520639270544    0.0
0.5585053563117981    0.0
0.5759586486965418    0.0
0.5934119410812855    0.0
0.6108652334660292    0.0
0.6283185258507729    0.0
0.6457718182355165    0.0
0.6632251106202602    0.0
0.6806784030050039    0.0
0.6981316953897476    0.0
0.7155849877744913    0.0
0.733038280159235    0.0
0.7504915725439787    0.0
0.7679448649287224    0.0
0.7853981573134661    0.0
0.8028514496982098    0.0
0.8203047420829535    0.0
0.8377580344676971    0.0
0.8552113268524408    0.0
0.8726646192371845    0.0
0.8901179116219282    0.0
0.9075712040066719    0.0
0.9250244963914156    0.0
0.9424777887761593    0.0
0.959931081160903    0.0
0.9773843735456467    0.0
0.9948376659303904    0.0
1.012290958315134    0.0
1.0297442506998777    0.0
1.0471975430846214    0.0
1.0646508354693651    0.0
1.0821041278541088    0.0
1.0995574202388525    0.0
1.1170107126235962    0.0
1.1344640050083399    0.0
1.1519172973930836    0.0
1.1693705897778273    0.0
1.186823882162571    0.0
1.2042771745473146    0.0
1.2217304669320583    0.0
1.239183759316802    0.0
1.2566370517015457    2.6040000915527344
1.2740903440862894    2.5290000438690186
1.291543636471033    2.5329999923706055
1.3089969288557768    2.5220000743865967
1.3264502212405205    2.5199999809265137
1.3439035136252642    2.502000093460083
1.3613568060100079    2.486999988555908
1.3788100983947515    2.4839999675750732
1.3962633907794952    2.503999948501587
1.413716683164239    2.4739999771118164
1.4311699755489826    2.4860000610351562
1.4486232679337263    2.4739999771118164
1.46607656031847    2.499000072479248
1.4835298527032137    2.4820001125335693
1.5009831450879574    2.4800000190734863
1.518436437472701    2.48799991607666
1.5358897298574448    2.4860000610351562
1.5533430222421885    2.490999937057495
1.5707963146269321    2.49399995803833
1.5882496070116758    2.4830000400543213
1.6057028993964195    2.4839999675750732
1.6231561917811632    2.4839999675750732
1.640609484165907    2.4639999866485596
1.6580627765506506    2.490999937057495
1.6755160689353943    2.494999885559082
1.692969361320138    2.510999917984009
1.7104226537048817    2.5179998874664307
1.7278759460896254    2.510999917984009
1.745329238474369    2.5350000858306885
1.7627825308591127    2.5429999828338623
1.7802358232438564    2.5409998893737793
1.7976891156286001    2.556999921798706
1.8151424080133438    2.5769999027252197
1.8325957003980875    2.5840001106262207
1.8500489927828312    2.5950000286102295
1.8675022851675749    2.5929999351501465
1.8849555775523186    2.6080000400543213
1.9024088699370623    2.628999948501587
1.919862162321806    3.5989999771118164
1.9373154547065496    3.6459999084472656
1.9547687470912933    3.6429998874664307
1.972222039476037    3.7130000591278076
1.9896753318607807    3.7300000190734863
2.0071286242455244    3.7909998893737793
2.024581916630268    3.890000104904175
2.042035209015012    3.8459999561309814
2.0594885013997555    0.0
2.076941793784499    3.6649999618530273
2.094395086169243    3.680999994277954
2.1118483785539865    0.0
2.1293016709387302    0.0
2.146754963323474    0.0
2.1642082557082176    4.1620001792907715
2.1816615480929613    0.0
2.199114840477705    0.0
2.2165681328624487    0.0
2.2340214252471924    0.0
2.251474717631936    0.0
2.2689280100166798    0.0
2.2863813024014235    0.0
2.303834594786167    0.0
2.321287887170911    0.0
2.3387411795556545    0.0
2.356194471940398    0.0
2.373647764325142    0.0
2.3911010567098856    0.0
2.4085543490946293    0.0
2.426007641479373    0.0
2.4434609338641167    0.0
2.4609142262488604    0.0
2.478367518633604    0.0
2.4958208110183477    0.0
2.5132741034030914    0.0
2.530727395787835    0.0
2.548180688172579    0.0
2.5656339805573225    0.0
2.583087272942066    0.0
2.60054056532681    0.0
2.6179938577115536    0.0
2.6354471500962973    0.0
2.652900442481041    0.0
2.6703537348657846    0.0
2.6878070272505283    0.0
2.705260319635272    0.0
2.7227136120200157    0.0
2.7401669044047594    0.0
2.757620196789503    0.0
2.775073489174247    0.0
2.7925267815589905    0.0
2.809980073943734    0.0
2.827433366328478    4.110000133514404
2.8448866587132215    4.176000118255615
2.8623399510979652    4.15500020980835
2.879793243482709    0.0
2.8972465358674526    4.182000160217285
2.9146998282521963    3.996000051498413
2.93215312063694    4.119999885559082
2.9496064130216837    4.103000164031982
2.9670597054064274    4.11299991607666
2.984512997791171    4.013999938964844
3.0019662901759148    4.059000015258789
3.0194195825606585    4.127999782562256
3.036872874945402    4.040999889373779
3.054326167330146    3.9609999656677246
3.0717794597148895    4.057000160217285
3.089232752099633    4.010000228881836
3.106686044484377    3.9820001125335693
3.1241393368691206    3.9779999256134033
3.1415926292538643    3.9579999446868896
3.159045921638608    4.010000228881836
3.1764992140233517    4.041999816894531
3.1939525064080954    3.4230000972747803
3.211405798792839    3.4560000896453857
3.2288590911775827    3.434999942779541
3.2463123835623264    3.4769999980926514
3.26376567594707    3.484999895095825
3.281218968331814    3.4560000896453857
3.2986722607165575    3.500999927520752
3.316125553101301    3.503999948501587
3.333578845486045    3.563999891281128
3.3510321378707886    3.5399999618530273
3.3684854302555323    3.609999895095825
3.385938722640276    3.569000005722046
3.4033920150250196    3.552000045776367
3.4208453074097633    3.561000108718872
3.438298599794507    3.6419999599456787
3.4557518921792507    0.0
3.4732051845639944    0.0
3.490658476948738    0.0
3.508111769333482    0.0
3.5255650617182255    0.0
3.543018354102969    0.0
3.560471646487713    3.799999952316284
3.5779249388724566    3.8889999389648438
3.5953782312572002    3.947999954223633
3.612831523641944    3.9110000133514404
3.6302848160266876    4.005000114440918
3.6477381084114313    4.14300012588501
3.665191400796175    0.0
3.6826446931809187    4.126999855041504
3.7000979855656624    4.131999969482422
3.717551277950406    0.0
3.7350045703351498    0.0
3.7524578627198935    0.0
3.769911155104637    0.0
3.787364447489381    0.0
3.8048177398741245    0.0
3.822271032258868    0.0
3.839724324643612    0.0
3.8571776170283556    0.0
3.8746309094130993    0.0
3.892084201797843    0.0
3.9095374941825867    0.0
3.9269907865673304    0.0
3.944444078952074    0.0
3.9618973713368177    0.0
3.9793506637215614    0.0
3.996803956106305    0.9679999947547913
4.014257248491049    0.9679999947547913
4.0317105408757925    0.972000002861023
4.049163833260536    0.9599999785423279
4.06661712564528    0.9700000286102295
4.084070418030024    0.0
4.101523710414767    0.0
4.118977002799511    0.0
4.136430295184255    0.0
4.153883587568998    1.8940000534057617
4.171336879953742    1.8969999551773071
4.188790172338486    1.8559999465942383
4.206243464723229    1.840000033378601
4.223696757107973    1.8320000171661377
4.241150049492717    1.815999984741211
4.2586033418774605    1.7920000553131104
4.276056634262204    1.7660000324249268
4.293509926646948    1.7649999856948853
4.3109632190316916    1.7549999952316284
4.328416511416435    1.7480000257492065
4.345869803801179    1.725000023841858
4.363323096185923    1.7100000381469727
4.380776388570666    1.7059999704360962
4.39822968095541    1.684999942779541
4.415682973340154    1.6690000295639038
4.433136265724897    1.652999997138977
4.450589558109641    1.6610000133514404
4.468042850494385    1.659999966621399
4.4854961428791285    1.61899995803833
4.502949435263872    1.8259999752044678
4.520402727648616    2.010999917984009
4.5378560200333595    2.240000009536743
4.555309312418103    0.4429999887943268
4.572762604802847    0.4429999887943268
4.590215897187591    0.4359999895095825
4.607669189572334    0.4300000071525574
4.625122481957078    0.4259999990463257
4.642575774341822    0.4560000002384186
4.660029066726565    0.42899999022483826
4.677482359111309    0.4259999990463257
4.694935651496053    0.42399999499320984
4.712388943880796    0.4259999990463257
4.72984223626554    0.43299999833106995
4.747295528650284    0.4350000023841858
4.7647488210350275    0.43700000643730164
4.782202113419771    0.4390000104904175
4.799655405804515    0.44699999690055847
4.817108698189259    0.47600001096725464
4.834561990574002    0.0
4.852015282958746    2.5450000762939453
4.86946857534349    2.5490000247955322
4.886921867728233    2.5399999618530273
4.904375160112977    2.552000045776367
4.921828452497721    2.5390000343322754
4.939281744882464    2.569999933242798
4.956735037267208    2.5769999027252197
4.974188329651952    2.5969998836517334
4.9916416220366955    2.5810000896453857
5.009094914421439    2.61299991607666
5.026548206806183    2.6059999465942383
5.0440014991909266    2.619999885559082
5.06145479157567    2.6459999084472656
5.078908083960414    2.6659998893737793
5.096361376345158    2.697999954223633
5.113814668729901    2.7049999237060547
5.131267961114645    2.7109999656677246
5.148721253499389    2.7239999771118164
5.166174545884132    2.753000020980835
5.183627838268876    2.7699999809265137
5.20108113065362    2.808000087738037
5.2185344230383635    2.825000047683716
5.235987715423107    2.8529999256134033
5.253441007807851    2.86299991607666
5.2708943001925945    2.9119999408721924
5.288347592577338    2.936000108718872
5.305800884962082    2.9590001106262207
5.323254177346826    2.996000051498413
5.340707469731569    3.0320000648498535
5.358160762116313    3.072999954223633
5.375614054501057    3.1070001125335693
5.3930673468858    3.13100004196167
5.410520639270544    3.177999973297119
5.427973931655288    3.2339999675750732
5.445427224040031    3.253000020980835
5.462880516424775    3.3359999656677246
5.480333808809519    3.3570001125335693
5.4977871011942625    3.446000099182129
5.515240393579006    3.5169999599456787
5.53269368596375    3.5399999618530273
5.550146978348494    3.61299991607666
5.567600270733237    3.7690000534057617
5.585053563117981    1.6759999990463257
5.602506855502725    1.6180000305175781
5.619960147887468    1.6130000352859497
5.637413440272212    1.6890000104904175
5.654866732656956    1.777999997138977
5.672320025041699    1.8170000314712524
5.689773317426443    1.8309999704360962
5.707226609811187    0.0
5.7246799021959305    0.0
5.742133194580674    0.0
5.759586486965418    0.0
5.7770397793501616    0.0
5.794493071734905    0.0
5.811946364119649    0.0
5.829399656504393    0.0
5.846852948889136    0.0
5.86430624127388    0.0
5.881759533658624    0.0
5.899212826043367    0.0
5.916666118428111    0.0
5.934119410812855    0.0
5.9515727031975985    0.0
5.969025995582342    0.0
5.986479287967086    0.0
6.0039325803518295    0.0
6.021385872736573    0.0
6.038839165121317    0.0
6.056292457506061    0.0
6.073745749890804    0.0
6.091199042275548    0.0
6.108652334660292    0.0
6.126105627045035    0.0
6.143558919429779    0.0
6.161012211814523    0.0
6.178465504199266    0.0
6.19591879658401    1.3619999885559082
6.213372088968754    0.0
6.2308253813534975    2.7019999027252197
6.248278673738241    0.0
6.265731966122985    0.0
0.0    0.0
0.01745329238474369    0.0
0.03490658476948738    0.0
0.05235987715423107    0.0
0.06981316953897476    0.0
0.08726646192371845    0.0
0.10471975430846214    0.0
0.12217304669320583    0.0
0.13962633907794952    0.5199999809265137
0.15707963146269321    0.0
0.1745329238474369    0.0
0.1919862162321806    3.497999906539917
0.20943950861692429    0.0
0.22689280100166798    0.0
0.24434609338641167    0.0
0.26179938577115536    0.0
0.27925267815589905    0.0
0.29670597054064274    0.0
0.31415926292538643    0.0
0.3316125553101301    0.0
0.3490658476948738    0.0
0.3665191400796175    0.0
0.3839724324643612    0.0
0.4014257248491049    0.0
0.41887901723384857    0.0
0.43633230961859226    1.5470000505447388
0.45378560200333595    1.4709999561309814
0.47123889438807964    0.0
0.48869218677282333    0.0
0.506145479157567    0.0
0.5235987715423107    0.0
0.5410520639270544    0.0
0.5585053563117981    0.0
0.5759586486965418    0.0
0.5934119410812855    0.0
0.6108652334660292    0.0
0.6283185258507729    0.0
0.6457718182355165    0.0
0.6632251106202602    0.0
0.6806784030050039    0.0
0.6981316953897476    0.0
0.7155849877744913    0.0
0.733038280159235    0.0
0.7504915725439787    0.0
0.7679448649287224    0.0
0.7853981573134661    0.0
0.8028514496982098    0.0
0.8203047420829535    0.0
0.8377580344676971    0.0
0.8552113268524408    0.0
0.8726646192371845    0.0
0.8901179116219282    0.0
0.9075712040066719    0.0
0.9250244963914156    0.0
0.9424777887761593    0.0
0.959931081160903    0.0
0.9773843735456467    0.0
0.9948376659303904    0.0
1.012290958315134    0.0
1.0297442506998777    0.0
1.0471975430846214    0.0
1.0646508354693651    0.0
1.0821041278541088    0.0
1.0995574202388525    0.0
1.1170107126235962    0.0
1.1344640050083399    0.0
1.1519172973930836    0.0
1.1693705897778273    0.0
1.186823882162571    0.0
1.2042771745473146    0.0
1.2217304669320583    0.0
1.239183759316802    0.0
1.2566370517015457    2.568000078201294
1.2740903440862894    2.5190000534057617
1.291543636471033    2.5320000648498535
1.3089969288557768    2.4730000495910645
1.3264502212405205    2.5169999599456787
1.3439035136252642    2.50600004196167
1.3613568060100079    2.486999988555908
1.3788100983947515    2.484999895095825
1.3962633907794952    2.503999948501587
1.413716683164239    2.4679999351501465
1.4311699755489826    2.4800000190734863
1.4486232679337263    2.4739999771118164
1.46607656031847    2.502000093460083
1.4835298527032137    2.4749999046325684
1.5009831450879574    2.4739999771118164
1.518436437472701    2.4790000915527344
1.5358897298574448    2.4769999980926514
1.5533430222421885    2.486999988555908
1.5707963146269321    2.4860000610351562
1.5882496070116758    2.48799991607666
1.6057028993964195    2.4860000610351562
1.6231561917811632    2.484999895095825
1.640609484165907    2.4800000190734863
1.6580627765506506    2.4830000400543213
1.6755160689353943    2.503999948501587
1.692969361320138    2.513000011444092
1.7104226537048817    2.509999990463257
1.7278759460896254    2.5220000743865967
1.745329238474369    2.5280001163482666
1.7627825308591127    2.5390000343322754
1.7802358232438564    2.5490000247955322
1.7976891156286001    2.553999900817871
1.8151424080133438    2.565000057220459
1.8325957003980875    2.5880000591278076
1.8500489927828312    2.5969998836517334
1.8675022851675749    2.5950000286102295
1.8849555775523186    2.6110000610351562
1.9024088699370623    2.6389999389648438
1.919862162321806    3.507999897003174
1.9373154547065496    3.61299991607666
1.9547687470912933    3.687000036239624
1.972222039476037    3.7139999866485596
1.9896753318607807    3.8320000171661377
2.0071286242455244    3.7980000972747803
2.024581916630268    3.8359999656677246
2.042035209015012    3.890000104904175
2.0594885013997555    0.0
2.076941793784499    3.6040000915527344
2.094395086169243    3.8910000324249268
2.1118483785539865    0.0
2.1293016709387302    0.0
2.146754963323474    0.0
2.1642082557082176    4.10699987411499
2.1816615480929613    0.0
2.199114840477705    0.0
2.2165681328624487    0.0
2.2340214252471924    0.0
2.251474717631936    0.0
2.2689280100166798    0.0
2.2863813024014235    0.0
2.303834594786167    0.0
2.321287887170911    0.0
2.3387411795556545    0.0
2.356194471940398    0.0
2.373647764325142    0.0
2.3911010567098856    0.0
2.4085543490946293    0.0
2.426007641479373    0.0
2.4434609338641167    0.0
2.4609142262488604    0.0
2.478367518633604    0.0
2.4958208110183477    0.0
2.5132741034030914    0.0
2.530727395787835    0.0
2.548180688172579    0.0
2.5656339805573225    0.0
2.583087272942066    0.0
2.60054056532681    0.0
2.6179938577115536    0.0
2.6354471500962973    0.0
2.652900442481041    0.0
2.6703537348657846    0.0
2.6878070272505283    0.0
2.705260319635272    0.0
2.7227136120200157    0.0
2.7401669044047594    0.0
2.757620196789503    0.0
2.775073489174247    0.0
2.7925267815589905    0.0
2.809980073943734    4.173999786376953
2.827433366328478    4.146999835968018
2.8448866587132215    0.0
2.8623399510979652    0.0
2.879793243482709    4.193999767303467
2.8972465358674526    4.1539998054504395
2.9146998282521963    4.146999835968018
2.93215312063694    4.125
2.9496064130216837    4.171000003814697
2.9670597054064274    3.9779999256134033
2.984512997791171    4.057000160217285
3.0019662901759148    4.01800012588501
3.0194195825606585    4.046999931335449
3.036872874945402    4.060999870300293
3.054326167330146    4.065999984741211
3.0717794597148895    3.9860000610351562
3.089232752099633    3.997999906539917
3.106686044484377    3.9609999656677246
3.1241393368691206    3.9860000610351562
3.1415926292538643    4.007999897003174
3.159045921638608    4.059999942779541
3.1764992140233517    3.9860000610351562
3.1939525064080954    3.444999933242798
3.211405798792839    3.4679999351501465
3.2288590911775827    3.437000036239624
3.2463123835623264    3.4570000171661377
3.26376567594707    3.493000030517578
3.281218968331814    3.4649999141693115
3.2986722607165575    3.4600000381469727
3.316125553101301    3.486999988555908
3.333578845486045    3.5409998893737793
3.3510321378707886    3.556999921798706
3.3684854302555323    3.6070001125335693
3.385938722640276    3.5480000972747803
3.4033920150250196    3.561000108718872
3.4208453074097633    3.622999906539917
3.438298599794507    3.5460000038146973
3.4557518921792507    0.0
3.4732051845639944    0.0
3.490658476948738    0.0
3.508111769333482    0.0
3.5255650617182255    0.0
3.543018354102969    0.0
3.560471646487713    3.7309999465942383
3.5779249388724566    3.9260001182556152
3.5953782312572002    3.880000114440918
3.612831523641944    3.9070000648498535
3.6302848160266876    3.994999885559082
3.6477381084114313    4.099999904632568
3.665191400796175    4.085000038146973
3.6826446931809187    0.0
3.7000979855656624    4.199999809265137
3.717551277950406    0.0
3.7350045703351498    0.0
3.7524578627198935    0.0
3.769911155104637    0.0
3.787364447489381    0.0
3.8048177398741245    0.0
3.822271032258868    0.0
3.839724324643612    0.0
3.8571776170283556    0.0
3.8746309094130993    0.0
3.892084201797843    0.0
3.9095374941825867    0.0
3.9269907865673304    0.0
3.944444078952074    0.0
3.9618973713368177    0.0
3.9793506637215614    0.0
3.996803956106305    0.0
4.014257248491049    0.9610000252723694
4.0317105408757925    0.9610000252723694
4.049163833260536    0.9589999914169312
4.06661712564528    0.9679999947547913
4.084070418030024    0.0
4.101523710414767    0.0
4.118977002799511    0.0
4.136430295184255    0.0
4.153883587568998    1.8990000486373901
4.171336879953742    1.9019999504089355
4.188790172338486    1.8639999628067017
4.206243464723229    1.8389999866485596
4.223696757107973    1.8380000591278076
4.241150049492717    1.812999963760376
4.2586033418774605    1.8040000200271606
4.276056634262204    1.7799999713897705
4.293509926646948    1.7589999437332153
4.3109632190316916    1.753999948501587
4.328416511416435    1.7300000190734863
4.345869803801179    1.7359999418258667
4.363323096185923    1.7020000219345093
4.380776388570666    1.7000000476837158
4.39822968095541    1.6859999895095825
4.415682973340154    1.684999942779541
4.433136265724897    1.6449999809265137
4.450589558109641    1.6510000228881836
4.468042850494385    0.0
4.4854961428791285    0.45399999618530273
4.502949435263872    0.4560000002384186
4.520402727648616    0.45899999141693115
4.5378560200333595    0.4410000145435333
4.555309312418103    0.4339999854564667
4.572762604802847    0.4309999942779541
4.590215897187591    0.42899999022483826
4.607669189572334    0.42399999499320984
4.625122481957078    0.42500001192092896
4.642575774341822    0.4269999861717224
4.660029066726565    0.4269999861717224
4.677482359111309    0.43299999833106995
4.694935651496053    0.43799999356269836
4.712388943880796    0.4449999928474426
4.72984223626554    0.45100000500679016
4.747295528650284    0.47999998927116394
4.7647488210350275    0.0
4.782202113419771    0.0
4.799655405804515    1.8049999475479126
4.817108698189259    2.5429999828338623
4.834561990574002    2.5230000019073486
4.852015282958746    2.5280001163482666
4.86946857534349    2.552999973297119
4.886921867728233    2.5380001068115234
4.904375160112977    2.5429999828338623
4.921828452497721    2.5380001068115234
4.939281744882464    2.556999921798706
4.956735037267208    2.5869998931884766
4.974188329651952    2.5899999141693115
4.9916416220366955    2.5850000381469727
5.009094914421439    2.618000030517578
5.026548206806183    2.619999885559082
5.0440014991909266    2.638000011444092
5.06145479157567    2.6480000019073486
5.078908083960414    2.6700000762939453
5.096361376345158    2.677999973297119
5.113814668729901    2.700000047683716
5.131267961114645    2.7070000171661377
5.148721253499389    2.7330000400543213
5.166174545884132    2.7669999599456787
5.183627838268876    2.763000011444092
5.20108113065362    2.816999912261963
5.2185344230383635    2.822000026702881
5.235987715423107    2.8410000801086426
5.253441007807851    2.868000030517578
5.2708943001925945    2.8929998874664307
5.288347592577338    2.933000087738037
5.305800884962082    2.9690001010894775
5.323254177346826    2.9790000915527344
5.340707469731569    3.0190000534057617
5.358160762116313    3.063999891281128
5.375614054501057    3.0880000591278076
5.3930673468858    3.118000030517578
5.410520639270544    3.1649999618530273
5.427973931655288    3.2119998931884766
5.445427224040031    3.2679998874664307
5.462880516424775    3.3269999027252197
5.480333808809519    3.36299991607666
5.4977871011942625    3.3889999389648438
5.515240393579006    3.4549999237060547
5.53269368596375    3.5450000762939453
5.550146978348494    3.6070001125335693
5.567600270733237    3.7079999446868896
5.585053563117981    1.6579999923706055
5.602506855502725    1.6419999599456787
5.619960147887468    1.621000051498413
5.637413440272212    1.6480000019073486
5.654866732656956    1.7649999856948853
5.672320025041699    1.7740000486373901
5.689773317426443    1.809999942779541
5.707226609811187    0.0
5.7246799021959305    0.0
5.742133194580674    0.0
5.759586486965418    0.0
5.7770397793501616    0.0
5.794493071734905    0.0
5.811946364119649    0.0
5.829399656504393    0.0
5.846852948889136    0.0
5.86430624127388    0.0
5.881759533658624    0.0
5.899212826043367    0.0
5.916666118428111    0.0
5.934119410812855    0.0
5.9515727031975985    0.0
5.969025995582342    0.0
5.986479287967086    0.0
6.0039325803518295    0.0
6.021385872736573    0.0
6.038839165121317    0.0
6.056292457506061    0.0
6.073745749890804    0.0
6.091199042275548    0.0
6.108652334660292    0.0
6.126105627045035    0.0
6.143558919429779    0.0
6.161012211814523    0.0
6.178465504199266    0.0
6.19591879658401    1.3660000562667847
6.213372088968754    0.0
6.2308253813534975    2.743000030517578
6.248278673738241    0.0
6.265731966122985    0.0
0.0    0.0
0.01745329238474369    0.0
0.03490658476948738    0.0
0.05235987715423107    0.0
0.06981316953897476    0.0
0.08726646192371845    0.0
0.10471975430846214    0.0
0.12217304669320583    0.0
0.13962633907794952    0.5149999856948853
0.15707963146269321    0.0
0.1745329238474369    0.0
0.1919862162321806    3.5889999866485596
0.20943950861692429    0.0
0.22689280100166798    0.0
0.24434609338641167    0.0
0.26179938577115536    0.0
0.27925267815589905    0.0
0.29670597054064274    0.0
0.31415926292538643    0.0
0.3316125553101301    0.0
0.3490658476948738    0.0
0.3665191400796175    0.0
0.3839724324643612    0.0
0.4014257248491049    0.0
0.41887901723384857    0.0
0.43633230961859226    1.4819999933242798
0.45378560200333595    1.5099999904632568
0.47123889438807964    0.0
0.48869218677282333    0.0
0.506145479157567    0.0
0.5235987715423107    0.0
0.5410520639270544    0.0
0.5585053563117981    0.0
0.5759586486965418    0.0
0.5934119410812855    0.0
0.6108652334660292    0.0
0.6283185258507729    0.0
0.6457718182355165    0.0
0.6632251106202602    0.0
0.6806784030050039    0.0
0.6981316953897476    0.0
0.7155849877744913    0.0
0.733038280159235    0.0
0.7504915725439787    0.0
0.7679448649287224    0.0
0.7853981573134661    0.0
0.8028514496982098    0.0
0.8203047420829535    0.0
0.8377580344676971    0.0
0.8552113268524408    0.0
0.8726646192371845    0.0
0.8901179116219282    0.0
0.9075712040066719    0.0
0.9250244963914156    0.0
0.9424777887761593    0.0
0.959931081160903    0.0
0.9773843735456467    0.0
0.9948376659303904    0.0
1.012290958315134    0.0
1.0297442506998777    0.0
1.0471975430846214    0.0
1.0646508354693651    0.0
1.0821041278541088    0.0
1.0995574202388525    0.0
1.1170107126235962    0.0
1.1344640050083399    0.0
1.1519172973930836    0.0
1.1693705897778273    0.0
1.186823882162571    0.0
1.2042771745473146    0.0
1.2217304669320583    0.0
1.239183759316802    0.0
1.2566370517015457    0.0
1.2740903440862894    2.5250000953674316
1.291543636471033    2.5429999828338623
1.3089969288557768    2.496999979019165
1.3264502212405205    2.499000072479248
1.3439035136252642    2.515000104904175
1.3613568060100079    2.490999937057495
1.3788100983947515    2.490000009536743
1.3962633907794952    2.496999979019165
1.413716683164239    2.4679999351501465
1.4311699755489826    2.49399995803833
1.4486232679337263    2.4790000915527344
1.46607656031847    2.4830000400543213
1.4835298527032137    2.48799991607666
1.5009831450879574    2.490999937057495
1.518436437472701    2.496999979019165
1.5358897298574448    2.4820001125335693
1.5533430222421885    2.4769999980926514
1.5707963146269321    2.490000009536743
1.5882496070116758    2.4660000801086426
1.6057028993964195    2.4830000400543213
1.6231561917811632    2.4709999561309814
1.640609484165907    2.493000030517578
1.6580627765506506    2.492000102996826
1.6755160689353943    2.494999885559082
1.692969361320138    2.506999969482422
1.7104226537048817    2.507999897003174
1.7278759460896254    2.5239999294281006
1.745329238474369    2.5269999504089355
1.7627825308591127    2.5490000247955322
1.7802358232438564    2.5480000972747803
1.7976891156286001    2.556999921798706
1.8151424080133438    2.569000005722046
1.8325957003980875    2.5880000591278076
1.8500489927828312    2.5850000381469727
1.8675022851675749    2.5920000076293945
1.8849555775523186    2.609999895095825
1.9024088699370623    2.628000020980835
1.919862162321806    3.1630001068115234
1.9373154547065496    3.6589999198913574
1.9547687470912933    3.6110000610351562
1.972222039476037    3.7249999046325684
1.9896753318607807    3.7890000343322754
2.0071286242455244    3.877000093460083
2.024581916630268    3.825000047683716
2.042035209015012    3.815000057220459
2.0594885013997555    0.0
2.076941793784499    3.6740000247955322
2.094395086169243    3.7039999961853027
2.1118483785539865    3.812999963760376
2.1293016709387302    0.0
2.146754963323474    0.0
2.1642082557082176    0.0
2.1816615480929613    0.0
2.199114840477705    0.0
2.2165681328624487    0.0
2.2340214252471924    0.0
2.251474717631936    0.0
2.2689280100166798    0.0
2.2863813024014235    0.0
2.303834594786167    0.0
2.321287887170911    0.0
2.3387411795556545    0.0
2.356194471940398    0.0
2.373647764325142    0.0
2.3911010567098856    0.0
2.4085543490946293    0.0
2.426007641479373    0.0
2.4434609338641167    0.0
2.4609142262488604    0.0
2.478367518633604    0.0
2.4958208110183477    0.0
2.5132741034030914    0.0
2.530727395787835    0.0
2.548180688172579    0.0
2.5656339805573225    0.0
2.583087272942066    0.0
2.60054056532681    0.0
2.6179938577115536    0.0
2.6354471500962973    0.0
2.652900442481041    0.0
2.6703537348657846    0.0
2.6878070272505283
