0.0    0.0
0.01745329238474369    0.0
0.03490658476948738    3.506999969482422
0.05235987715423107    0.0
0.06981316953897476    0.0
0.08726646192371845    2.9790000915527344
0.10471975430846214    0.0
0.12217304669320583    0.0
0.13962633907794952    0.0
0.15707963146269321    2.1510000228881836
0.1745329238474369    0.0
0.1919862162321806    1.465000033378601
0.20943950861692429    1.475000023841858
0.22689280100166798    0.0
0.24434609338641167    0.0
0.26179938577115536    0.0
0.27925267815589905    0.0
0.29670597054064274    0.0
0.31415926292538643    0.0
0.3316125553101301    0.0
0.3490658476948738    0.0
0.3665191400796175    0.0
0.3839724324643612    0.0
0.4014257248491049    0.0
0.41887901723384857    0.0
0.43633230961859226    0.0
0.45378560200333595    4.181000232696533
0.47123889438807964    4.175000190734863
0.48869218677282333    3.9200000762939453
0.506145479157567    3.6740000247955322
0.5235987715423107    3.7119998931884766
0.5410520639270544    3.5959999561309814
0.5585053563117981    3.509000062942505
0.5759586486965418    3.4539999961853027
0.5934119410812855    3.367000102996826
0.6108652334660292    3.2880001068115234
0.6283185258507729    3.2269999980926514
0.6457718182355165    3.171999931335449
0.6632251106202602    3.117000102996826
0.6806784030050039    3.055000066757202
0.6981316953897476    3.0190000534057617
0.7155849877744913    2.9660000801086426
0.733038280159235    2.9100000858306885
0.7504915725439787    2.875999927520752
0.7679448649287224    2.8320000171661377
0.7853981573134661    2.7890000343322754
0.8028514496982098    2.7690000534057617
0.8203047420829535    2.73799991607666
0.8377580344676971    2.688999891281128
0.8552113268524408    2.6630001068115234
0.8726646192371845    2.6449999809265137
0.8901179116219282    2.6089999675750732
0.9075712040066719    2.569999933242798
0.9250244963914156    2.569999933242798
0.9424777887761593    2.5320000648498535
0.959931081160903    2.5339999198913574
0.9773843735456467    2.490999937057495
0.9948376659303904    2.4670000076293945
1.012290958315134    2.434999942779541
1.0297442506998777    2.430000066757202
1.0471975430846214    2.4149999618530273
1.0646508354693651    2.3989999294281006
1.0821041278541088    2.378999948501587
1.0995574202388525    2.361999988555908
1.1170107126235962    2.3510000705718994
1.1344640050083399    2.328000068664551
1.1519172973930836    2.3429999351501465
1.1693705897778273    2.308000087738037
1.186823882162571    2.308000087738037
1.2042771745473146    2.296999931335449
1.2217304669320583    2.2820000648498535
1.239183759316802    2.2750000953674316
1.2566370517015457    2.263000011444092
1.2740903440862894    2.256999969482422
1.291543636471033    2.239000082015991
1.3089969288557768    2.252000093460083
1.3264502212405205    2.240999937057495
1.3439035136252642    2.2269999980926514
1.3613568060100079    2.2170000076293945
1.3788100983947515    2.2230000495910645
1.3962633907794952    2.2160000801086426
1.413716683164239    2.2170000076293945
1.4311699755489826    2.197000026702881
1.4486232679337263    2.2109999656677246
1.46607656031847    2.2070000171661377
1.4835298527032137    2.197000026702881
1.5009831450879574    2.2039999961853027
1.518436437472701    2.2320001125335693
1.5358897298574448    2.2100000381469727
1.5533430222421885    2.2200000286102295
1.5707963146269321    2.2300000190734863
1.5882496070116758    2.2339999675750732
1.6057028993964195    2.2269999980926514
1.6231561917811632    2.252000093460083
1.640609484165907    2.247999906539917
1.6580627765506506    2.260999917984009
1.6755160689353943    2.2709999084472656
1.692969361320138    2.2809998989105225
1.7104226537048817    2.305999994277954
1.7278759460896254    2.309000015258789
1.745329238474369    2.315000057220459
1.7627825308591127    2.2950000762939453
1.7802358232438564    2.328000068664551
1.7976891156286001    2.3529999256134033
1.8151424080133438    2.375999927520752
1.8325957003980875    2.3580000400543213
1.8500489927828312    2.3980000019073486
1.8675022851675749    3.2790000438690186
1.8849555775523186    3.311000108718872
1.9024088699370623    3.359999895095825
1.919862162321806    3.374000072479248
1.9373154547065496    3.4210000038146973
1.9547687470912933    3.4059998989105225
1.972222039476037    3.4730000495910645
1.9896753318607807    3.496000051498413
2.0071286242455244    3.3540000915527344
2.024581916630268    3.2929999828338623
2.042035209015012    3.3440001010894775
2.0594885013997555    3.3480000495910645
2.076941793784499    3.3329999446868896
2.094395086169243    0.0
2.1118483785539865    3.828000068664551
2.1293016709387302    3.9860000610351562
2.146754963323474    4.063000202178955
2.1642082557082176    3.990999937057495
2.1816615480929613    0.0
2.199114840477705    0.0
2.2165681328624487    0.0
2.2340214252471924    0.0
2.251474717631936    0.0
2.2689280100166798    0.0
2.2863813024014235    0.0
2.303834594786167    0.0
2.321287887170911    0.0
2.3387411795556545    0.0
2.356194471940398    0.0
2.373647764325142    0.0
2.3911010567098856    0.0
2.4085543490946293    0.0
2.426007641479373    0.0
2.4434609338641167    0.0
2.4609142262488604    0.0
2.478367518633604    0.0
2.4958208110183477    0.0
2.5132741034030914    0.0
2.530727395787835    0.0
2.548180688172579    0.0
2.5656339805573225    0.0
2.583087272942066    0.0
2.60054056532681    0.0
2.6179938577115536    0.0
2.6354471500962973    0.0
2.652900442481041    0.0
2.6703537348657846    0.0
2.6878070272505283    4.164000034332275
2.705260319635272    4.0879998207092285
2.7227136120200157    4.179999828338623
2.7401669044047594    4.079999923706055
2.757620196789503    4.0929999351501465
2.775073489174247    4.051000118255615
2.7925267815589905    4.046000003814697
2.809980073943734    4.048999786376953
2.827433366328478    4.054999828338623
2.8448866587132215    3.9579999446868896
2.8623399510979652    3.880000114440918
2.879793243482709    3.8959999084472656
2.8972465358674526    3.8350000381469727
2.9146998282521963    3.941999912261963
2.93215312063694    3.890000104904175
2.9496064130216837    3.8540000915527344
2.9670597054064274    3.9049999713897705
2.984512997791171    3.9100000858306885
3.0019662901759148    3.8239998817443848
3.0194195825606585    3.9230000972747803
3.036872874945402    3.940999984741211
3.054326167330146    3.9010000228881836
3.0717794597148895    3.8959999084472656
3.089232752099633    3.930000066757202
3.106686044484377    3.944999933242798
3.1241393368691206    3.7260000705718994
3.1415926292538643    3.9509999752044678
3.159045921638608    3.938999891281128
3.1764992140233517    3.9230000972747803
3.1939525064080954    3.3949999809265137
3.211405798792839    3.3570001125335693
3.2288590911775827    3.3989999294281006
3.2463123835623264    3.36299991607666
3.26376567594707    3.430000066757202
3.281218968331814    3.4159998893737793
3.2986722607165575    3.444000005722046
3.316125553101301    3.430000066757202
3.333578845486045    3.4590001106262207
3.3510321378707886    3.502000093460083
3.3684854302555323    3.5369999408721924
3.385938722640276    3.492000102996826
3.4033920150250196    3.5269999504089355
3.4208453074097633    3.546999931335449
3.438298599794507    3.5739998817443848
3.4557518921792507    0.0
3.4732051845639944    0.0
3.490658476948738    0.0
3.508111769333482    0.0
3.5255650617182255    0.0
3.543018354102969    0.0
3.560471646487713    0.0
3.5779249388724566    0.0
3.5953782312572002    0.0
3.612831523641944    0.0
3.6302848160266876    0.0
3.6477381084114313    0.0
3.665191400796175    0.0
3.6826446931809187    0.0
3.7000979855656624    0.0
3.717551277950406    0.0
3.7350045703351498    0.0
3.7524578627198935    0.0
3.769911155104637    0.0
3.787364447489381    0.0
3.8048177398741245    0.0
3.822271032258868    0.0
3.839724324643612    0.0
3.8571776170283556    0.0
3.8746309094130993    0.0
3.892084201797843    0.0
3.9095374941825867    0.0
3.9269907865673304    0.0
3.944444078952074    0.0
3.9618973713368177    0.0
3.9793506637215614    0.0
3.996803956106305    0.0
4.014257248491049    0.0
4.0317105408757925    0.0
4.049163833260536    1.121999979019165
4.06661712564528    1.1299999952316284
4.084070418030024    1.1160000562667847
4.101523710414767    1.1540000438690186
4.118977002799511    0.0
4.136430295184255    0.0
4.153883587568998    0.0
4.171336879953742    2.072000026702881
4.188790172338486    2.1019999980926514
4.206243464723229    2.072999954223633
4.223696757107973    2.0739998817443848
4.241150049492717    2.052999973297119
4.2586033418774605    2.0429999828338623
4.276056634262204    2.0220000743865967
4.293509926646948    2.0
4.3109632190316916    1.972000002861023
4.328416511416435    1.9759999513626099
4.345869803801179    1.9470000267028809
4.363323096185923    1.9500000476837158
4.380776388570666    1.940999984741211
4.39822968095541    1.9229999780654907
4.415682973340154    1.9240000247955322
4.433136265724897    1.9160000085830688
4.450589558109641    1.906999945640564
4.468042850494385    1.003000020980835
4.4854961428791285    1.003000020980835
4.502949435263872    0.9829999804496765
4.520402727648616    0.9829999804496765
4.5378560200333595    2.7820000648498535
4.555309312418103    0.46799999475479126
4.572762604802847    0.46799999475479126
4.590215897187591    0.46399998664855957
4.607669189572334    0.45899999141693115
4.625122481957078    0.45399999618530273
4.642575774341822    0.4519999921321869
4.660029066726565    0.4519999921321869
4.677482359111309    0.453000009059906
4.694935651496053    0.45100000500679016
4.712388943880796    0.4519999921321869
4.72984223626554    0.453000009059906
4.747295528650284    0.45399999618530273
4.7647488210350275    0.46000000834465027
4.782202113419771    0.46399998664855957
4.799655405804515    0.4620000123977661
4.817108698189259    0.47099998593330383
4.834561990574002    0.48100000619888306
4.852015282958746    0.0
4.86946857534349    2.928999900817871
4.886921867728233    2.812000036239624
4.904375160112977    2.812999963760376
4.921828452497721    2.822000026702881
4.939281744882464    2.8469998836517334
4.956735037267208    2.867000102996826
4.974188329651952    2.861999988555908
4.9916416220366955    2.9089999198913574
5.009094914421439    2.9079999923706055
5.026548206806183    2.934000015258789
5.0440014991909266    2.953000068664551
5.06145479157567    2.9560000896453857
5.078908083960414    2.9860000610351562
5.096361376345158    3.0220000743865967
5.113814668729901    3.0309998989105225
5.131267961114645    3.065000057220459
5.148721253499389    3.1040000915527344
5.166174545884132    3.121000051498413
5.183627838268876    3.1459999084472656
5.20108113065362    3.1670000553131104
5.2185344230383635    3.2230000495910645
5.235987715423107    3.240999937057495
5.253441007807851    3.2829999923706055
5.2708943001925945    3.3540000915527344
5.288347592577338    3.3499999046325684
5.305800884962082    3.3310000896453857
5.323254177346826    3.436000108718872
5.340707469731569    3.4800000190734863
5.358160762116313    3.510999917984009
5.375614054501057    3.566999912261963
5.3930673468858    3.7920000553131104
5.410520639270544    3.694000005722046
5.427973931655288    3.8320000171661377
5.445427224040031    4.048999786376953
5.462880516424775    4.119999885559082
5.480333808809519    4.079999923706055
5.4977871011942625    4.11899995803833
5.515240393579006    0.0
5.53269368596375    2.003000020980835
5.550146978348494    1.9830000400543213
5.567600270733237    2.002000093460083
5.585053563117981    0.0
5.602506855502725    0.0
5.619960147887468    2.187999963760376
5.637413440272212    2.191999912261963
5.654866732656956    2.187999963760376
5.672320025041699    2.194999933242798
5.689773317426443    0.0
5.707226609811187    0.0
5.7246799021959305    0.0
5.742133194580674    0.0
5.759586486965418    0.0
5.7770397793501616    0.0
5.794493071734905    0.0
5.811946364119649    0.0
5.829399656504393    0.0
5.846852948889136    0.0
5.86430624127388    0.0
5.881759533658624    0.0
5.899212826043367    0.0
5.916666118428111    0.0
5.934119410812855    0.0
5.9515727031975985    1.4830000400543213
5.969025995582342    1.4529999494552612
5.986479287967086    0.0
6.0039325803518295    2.115999937057495
6.021385872736573    0.0
6.038839165121317    0.0
6.056292457506061    0.0
6.073745749890804    2.9649999141693115
6.091199042275548    0.0
6.108652334660292    0.0
6.126105627045035    0.0
6.143558919429779    0.0
6.161012211814523    0.0
6.178465504199266    0.0
6.19591879658401    0.0
6.213372088968754    0.41999998688697815
6.2308253813534975    0.0
6.248278673738241    0.0
6.265731966122985    0.0
0.0    0.0
0.01745329238474369    0.0
0.03490658476948738    3.555999994277954
0.05235987715423107    0.0
0.06981316953897476    0.0
0.08726646192371845    2.992000102996826
0.10471975430846214    0.0
0.12217304669320583    0.0
0.13962633907794952    0.0
0.15707963146269321    2.180999994277954
0.1745329238474369    0.0
0.1919862162321806    1.465999960899353
0.20943950861692429    1.4620000123977661
0.22689280100166798    0.0
0.24434609338641167    0.0
0.26179938577115536    0.0
0.27925267815589905    0.0
0.29670597054064274    0.0
0.31415926292538643    0.0
0.3316125553101301    0.0
0.3490658476948738    0.0
0.3665191400796175    0.0
0.3839724324643612    0.0
0.4014257248491049    0.0
0.41887901723384857    0.0
0.43633230961859226    0.0
0.45378560200333595    0.0
0.47123889438807964    3.9010000228881836
0.48869218677282333    3.8889999389648438
0.506145479157567    3.7730000019073486
0.5235987715423107    3.5959999561309814
0.5410520639270544    3.5309998989105225
0.5585053563117981    3.4730000495910645
0.5759586486965418    3.367000102996826
0.5934119410812855    3.319999933242798
0.6108652334660292    3.2660000324249268
0.6283185258507729    3.2209999561309814
0.6457718182355165    3.190000057220459
0.6632251106202602    3.0899999141693115
0.6806784030050039    3.0439999103546143
0.6981316953897476    3.003999948501587
0.7155849877744913    2.9579999446868896
0.733038280159235    2.9200000762939453
0.7504915725439787    2.867000102996826
0.7679448649287224    2.8299999237060547
0.7853981573134661    2.7899999618530273
0.8028514496982098    2.763000011444092
0.8203047420829535    2.7269999980926514
0.8377580344676971    2.688999891281128
0.8552113268524408    2.6670000553131104
0.8726646192371845    2.6410000324249268
0.8901179116219282    2.6010000705718994
0.9075712040066719    2.569999933242798
0.9250244963914156    2.555000066757202
0.9424777887761593    2.5280001163482666
0.959931081160903    2.503999948501587
0.9773843735456467    2.490999937057495
0.9948376659303904    2.4730000495910645
1.012290958315134    2.430000066757202
1.0297442506998777    2.436000108718872
1.0471975430846214    2.4210000038146973
1.0646508354693651    2.3940000534057617
1.0821041278541088    2.382999897003174
1.0995574202388525    2.364000082015991
1.1170107126235962    2.359999895095825
1.1344640050083399    2.3320000171661377
1.1519172973930836    2.322999954223633
1.1693705897778273    2.305000066757202
1.186823882162571    2.303999900817871
1.2042771745473146    2.302000045776367
1.2217304669320583    2.2799999713897705
1.239183759316802    2.2850000858306885
1.2566370517015457    2.263000011444092
1.2740903440862894    2.256999969482422
1.291543636471033    2.25
1.3089969288557768    2.236999988555908
1.3264502212405205    2.2309999465942383
1.3439035136252642    2.2279999256134033
1.3613568060100079    2.2339999675750732
1.3788100983947515    2.2260000705718994
1.3962633907794952    2.2249999046325684
1.413716683164239    2.2139999866485596
1.4311699755489826    2.2239999771118164
1.4486232679337263    2.2279999256134033
1.46607656031847    2.2109999656677246
1.4835298527032137    2.2200000286102295
1.5009831450879574    2.2109999656677246
1.518436437472701    2.2360000610351562
1.5358897298574448    2.2239999771118164
1.5533430222421885    2.2179999351501465
1.5707963146269321    2.2320001125335693
1.5882496070116758    2.2239999771118164
1.6057028993964195    2.243000030517578
1.6231561917811632    2.2339999675750732
1.640609484165907    2.2809998989105225
1.6580627765506506    2.255000114440918
1.6755160689353943    2.2699999809265137
1.692969361320138    2.2799999713897705
1.7104226537048817    2.3010001182556152
1.7278759460896254    2.303999900817871
1.745329238474369    2.299999952316284
1.7627825308591127    2.328000068664551
1.7802358232438564    2.3389999866485596
1.7976891156286001    2.36299991607666
1.8151424080133438    2.369999885559082
1.8325957003980875    2.38100004196167
1.8500489927828312    2.5390000343322754
1.8675022851675749    3.311000108718872
1.8849555775523186    3.3259999752044678
1.9024088699370623    3.3989999294281006
1.919862162321806    3.378000020980835
1.9373154547065496    3.430000066757202
1.9547687470912933    3.4509999752044678
1.972222039476037    3.496000051498413
1.9896753318607807    0.0
2.0071286242455244    3.3340001106262207
2.024581916630268    3.263000011444092
2.042035209015012    3.3489999771118164
2.0594885013997555    3.374000072479248
2.076941793784499    3.4630000591278076
2.094395086169243    3.635999917984009
2.1118483785539865    3.8239998817443848
2.1293016709387302    3.9679999351501465
2.146754963323474    4.059999942779541
2.1642082557082176    4.119999885559082
2.1816615480929613    4.150000095367432
2.199114840477705    0.0
2.2165681328624487    0.0
2.2340214252471924    0.0
2.251474717631936    0.0
2.2689280100166798    0.0
2.2863813024014235    0.0
2.303834594786167    0.0
2.321287887170911    0.0
2.3387411795556545    0.0
2.356194471940398    0.0
2.373647764325142    0.0
2.3911010567098856    0.0
2.4085543490946293    0.0
2.426007641479373    0.0
2.4434609338641167    0.0
2.4609142262488604    0.0
2.478367518633604    0.0
2.4958208110183477    0.0
2.5132741034030914    0.0
2.530727395787835    0.0
2.548180688172579    0.0
2.5656339805573225    0.0
2.583087272942066    0.0
2.60054056532681    0.0
2.6179938577115536    4.198999881744385
2.6354471500962973    0.0
2.652900442481041    0.0
2.6703537348657846    4.151000022888184
2.6878070272505283    0.0
2.705260319635272    4.01800012588501
2.7227136120200157    0.0
2.7401669044047594    0.0
2.757620196789503    4.090000152587891
2.775073489174247    4.145999908447266
2.7925267815589905    4.017000198364258
2.809980073943734    3.997999906539917
2.827433366328478    3.940999984741211
2.8448866587132215    3.9240000247955322
2.8623399510979652    3.944000005722046
2.879793243482709    3.9059998989105225
2.8972465358674526    3.9509999752044678
2.9146998282521963    3.938999891281128
2.93215312063694    3.819999933242798
2.9496064130216837    3.8389999866485596
2.9670597054064274    3.8929998874664307
2.984512997791171    3.8320000171661377
3.0019662901759148    3.9170000553131104
3.0194195825606585    3.825000047683716
3.036872874945402    3.9110000133514404
3.054326167330146    3.9230000972747803
3.0717794597148895    3.869999885559082
3.089232752099633    4.000999927520752
3.106686044484377    3.865999937057495
3.1241393368691206    4.0289998054504395
3.1415926292538643    3.8589999675750732
3.159045921638608    3.9579999446868896
3.1764992140233517    0.0
3.1939525064080954    3.372999906539917
3.211405798792839    3.4230000972747803
3.2288590911775827    3.390000104904175
3.2463123835623264    3.38700008392334
3.26376567594707    3.4639999866485596
3.281218968331814    3.441999912261963
3.2986722607165575    3.421999931335449
3.316125553101301    3.437999963760376
3.333578845486045    3.447000026702881
3.3510321378707886    3.434000015258789
3.3684854302555323    3.5929999351501465
3.385938722640276    3.5510001182556152
3.4033920150250196    3.5429999828338623
3.4208453074097633    3.6089999675750732
3.438298599794507    3.628999948501587
3.4557518921792507    0.0
3.4732051845639944    0.0
3.490658476948738    0.0
3.508111769333482    0.0
3.5255650617182255    0.0
3.543018354102969    0.0
3.560471646487713    0.0
3.5779249388724566    0.0
3.5953782312572002    0.0
3.612831523641944    0.0
3.6302848160266876    0.0
3.6477381084114313    0.0
3.665191400796175    0.0
3.6826446931809187    0.0
3.7000979855656624    0.0
3.717551277950406    0.0
3.7350045703351498    0.0
3.7524578627198935    0.0
3.769911155104637    0.0
3.787364447489381    0.0
3.8048177398741245    0.0
3.822271032258868    0.0
3.839724324643612    0.0
3.8571776170283556    0.0
3.8746309094130993    0.0
3.892084201797843    0.0
3.9095374941825867    0.0
3.9269907865673304    0.0
3.944444078952074    0.0
3.9618973713368177    0.0
3.9793506637215614    0.0
3.996803956106305    0.0
4.014257248491049    0.0
4.0317105408757925    0.0
4.049163833260536    1.1230000257492065
4.06661712564528    1.11899995803833
4.084070418030024    1.1260000467300415
4.101523710414767    1.1260000467300415
4.118977002799511    0.0
4.136430295184255    0.0
4.153883587568998    0.0
4.171336879953742    2.0989999771118164
4.188790172338486    2.1019999980926514
4.206243464723229    2.0759999752044678
4.223696757107973    2.055999994277954
4.241150049492717    2.052000045776367
4.2586033418774605    2.0390000343322754
4.276056634262204    2.0190000534057617
4.293509926646948    1.9850000143051147
4.3109632190316916    1.9869999885559082
4.328416511416435    1.9709999561309814
4.345869803801179    1.9490000009536743
4.363323096185923    1.9550000429153442
4.380776388570666    1.934000015258789
4.39822968095541    1.9140000343322754
4.415682973340154    1.9270000457763672
4.433136265724897    1.9129999876022339
4.450589558109641    1.9019999504089355
4.468042850494385    1.0069999694824219
4.4854961428791285    1.0099999904632568
4.502949435263872    1.0
4.520402727648616    0.996999979019165
4.5378560200333595    2.7920000553131104
4.555309312418103    0.47699999809265137
4.572762604802847    0.47699999809265137
4.590215897187591    0.47200000286102295
4.607669189572334    0.46799999475479126
4.625122481957078    0.4569999873638153
4.642575774341822    0.4580000042915344
4.660029066726565    0.4580000042915344
4.677482359111309    0.4620000123977661
4.694935651496053    0.45500001311302185
4.712388943880796    0.4560000002384186
4.72984223626554    0.4620000123977661
4.747295528650284    0.4699999988079071
4.7647488210350275    0.47200000286102295
4.782202113419771    0.4729999899864197
4.799655405804515    0.4729999899864197
4.817108698189259    0.4779999852180481
4.834561990574002    0.48899999260902405
4.852015282958746    0.0
4.86946857534349    2.8959999084472656
4.886921867728233    2.813999891281128
4.904375160112977    2.799999952316284
4.921828452497721    2.8369998931884766
4.939281744882464    2.8529999256134033
4.956735037267208    2.867000102996826
4.974188329651952    2.875999927520752
4.9916416220366955    2.9000000953674316
5.009094914421439    2.924999952316284
5.026548206806183    2.9170000553131104
5.0440014991909266    2.9639999866485596
5.06145479157567    2.9749999046325684
5.078908083960414    2.9800000190734863
5.096361376345158    3.0179998874664307
5.113814668729901    3.052000045776367
5.131267961114645    3.059000015258789
5.148721253499389    3.1059999465942383
5.166174545884132    3.13700008392334
5.183627838268876    3.1570000648498535
5.20108113065362    3.180999994277954
5.2185344230383635    3.2239999771118164
5.235987715423107    3.24399995803833
5.253441007807851    3.309000015258789
5.2708943001925945    3.3550000190734863
5.288347592577338    3.3570001125335693
5.305800884962082    3.4030001163482666
5.323254177346826    3.4230000972747803
5.340707469731569    3.4760000705718994
5.358160762116313    3.5230000019073486
5.375614054501057    3.555999994277954
5.3930673468858    3.7090001106262207
5.410520639270544    3.8529999256134033
5.427973931655288    3.9200000762939453
5.445427224040031    4.01800012588501
5.462880516424775    4.00600004196167
5.480333808809519    0.0
5.4977871011942625    0.0
5.515240393579006    2.0350000858306885
5.53269368596375    1.9989999532699585
5.550146978348494    1.9700000286102295
5.567600270733237    2.0429999828338623
5.585053563117981    0.0
5.602506855502725    0.0
5.619960147887468    2.2170000076293945
5.637413440272212    2.181999921798706
5.654866732656956    2.1760001182556152
5.672320025041699    2.196000099182129
5.689773317426443    0.0
5.707226609811187    0.0
5.7246799021959305    0.0
5.742133194580674    0.0
5.759586486965418    0.0
5.7770397793501616    0.0
5.794493071734905    0.0
5.811946364119649    0.0
5.829399656504393    0.0
5.846852948889136    0.0
5.86430624127388    0.0
5.881759533658624    0.0
5.899212826043367    0.0
5.916666118428111    0.0
5.934119410812855    0.0
5.9515727031975985    1.4780000448226929
5.969025995582342    1.440000057220459
5.986479287967086    0.0
6.0039325803518295    2.0969998836517334
6.021385872736573    0.0
6.038839165121317    0.0
6.056292457506061    0.0
6.073745749890804    3.01200008392334
6.091199042275548    0.0
6.108652334660292    0.0
6.126105627045035    0.0
6.143558919429779    0.0
6.161012211814523    0.0
6.178465504199266    0.0
6.19591879658401    0.0
6.213372088968754    0.4189999997615814
6.2308253813534975    0.0
6.248278673738241    0.0
6.265731966122985    0.0
0.0    0.0
0.01745329238474369    0.0
0.03490658476948738    3.5260000228881836
0.05235987715423107    0.0
0.06981316953897476    0.0
0.08726646192371845    3.003000020980835
0.10471975430846214    0.0
0.12217304669320583    0.0
0.13962633907794952    0.0
0.15707963146269321    2.1679999828338623
0.1745329238474369    0.0
0.1919862162321806    1.465000033378601
0.20943950861692429    1.4329999685287476
0.22689280100166798    0.0
0.24434609338641167    0.0
0.26179938577115536    0.0
0.27925267815589905    0.0
0.29670597054064274    0.0
0.31415926292538643    0.0
0.3316125553101301    0.0
0.3490658476948738    0.0
0.3665191400796175    0.0
0.3839724324643612    0.0
0.4014257248491049    0.0
0.41887901723384857    0.0
0.43633230961859226    0.0
0.45378560200333595    4.176000118255615
0.47123889438807964    4.15500020980835
0.48869218677282333    0.0
0.506145479157567    3.8289999961853027
0.5235987715423107    3.621000051498413
0.5410520639270544    3.5309998989105225
0.5585053563117981    3.5230000019073486
0.5759586486965418    3.4119999408721924
0.5934119410812855    3.3519999980926514
0.6108652334660292    3.259999990463257
0.6283185258507729    3.2190001010894775
0.6457718182355165    3.1570000648498535
0.6632251106202602    3.11299991607666
0.6806784030050039    3.062999963760376
0.6981316953897476    3.0239999294281006
0.7155849877744913    2.9719998836517334
0.733038280159235    2.9059998989105225
0.7504915725439787    2.890000104904175
0.7679448649287224    2.8310000896453857
0.7853981573134661    2.7960000038146973
0.8028514496982098    2.7679998874664307
0.8203047420829535    2.7309999465942383
0.8377580344676971    2.7019999027252197
0.8552113268524408    2.6649999618530273
0.8726646192371845    2.6419999599456787
0.8901179116219282    2.609999895095825
0.9075712040066719    2.5880000591278076
0.9250244963914156    2.565999984741211
0.9424777887761593    2.5390000343322754
0.959931081160903    2.509000062942505
0.9773843735456467    2.50600004196167
0.9948376659303904    2.4760000705718994
1.012290958315134    2.434000015258789
1.0297442506998777    2.434000015258789
1.0471975430846214    2.4260001182556152
1.0646508354693651    2.388000011444092
1.0821041278541088    2.375
1.0995574202388525    2.364000082015991
1.1170107126235962    2.3570001125335693
1.1344640050083399    2.3239998817443848
1.1519172973930836    2.322999954223633
1.1693705897778273    2.309999942779541
1.186823882162571    2.309999942779541
1.2042771745473146    2.2950000762939453
1.2217304669320583    2.2769999504089355
1.239183759316802    2.2660000324249268
1.2566370517015457    2.25600004196167
1.2740903440862894    2.26200008392334
1.291543636471033    2.256999969482422
1.3089969288557768    2.240000009536743
1.3264502212405205    2.2279999256134033
1.3439035136252642    2.2190001010894775
1.3613568060100079    2.2249999046325684
1.3788100983947515    2.2160000801086426
1.3962633907794952    2.2239999771118164
1.413716683164239    2.2079999446868896
1.4311699755489826    2.2119998931884766
1.4486232679337263    2.2260000705718994
1.46607656031847    2.2260000705718994
1.4835298527032137    2.2160000801086426
1.5009831450879574    2.2209999561309814
1.518436437472701    2.2279999256134033
1.5358897298574448    2.2279999256134033
1.5533430222421885    2.2279999256134033
1.5707963146269321    2.2269999980926514
1.5882496070116758    2.234999895095825
1.6057028993964195    2.246000051498413
1.6231561917811632    2.239000082015991
1.640609484165907    2.2730000019073486
1.6580627765506506    2.25600004196167
1.6755160689353943    2.2760000228881836
1.692969361320138    2.2730000019073486
1.7104226537048817    2.299999952316284
1.7278759460896254    2.299999952316284
1.745329238474369    2.305999994277954
1.7627825308591127    2.322000026702881
1.7802358232438564    2.3350000381469727
1.7976891156286001    2.3480000495910645
1.8151424080133438    2.375999927520752
1.8325957003980875    2.371000051498413
1.8500489927828312    2.490999937057495
1.8675022851675749    3.3010001182556152
1.8849555775523186    3.3320000171661377
1.9024088699370623    3.385999917984009
1.919862162321806    3.390000104904175
1.9373154547065496    3.385999917984009
1.9547687470912933    3.444000005722046
1.972222039476037    3.4630000591278076
1.9896753318607807    0.0
2.0071286242455244    3.361999988555908
2.024581916630268    3.315999984741211
2.042035209015012    3.313999891281128
2.0594885013997555    3.378000020980835
2.076941793784499    3.4089999198913574
2.094395086169243    3.684999942779541
2.1118483785539865    3.8540000915527344
2.1293016709387302    3.9700000286102295
2.146754963323474    4.053999900817871
2.1642082557082176    4.138999938964844
2.1816615480929613    0.0
2.199114840477705    4.190000057220459
2.2165681328624487    0.0
2.2340214252471924    0.0
2.251474717631936    0.0
2.2689280100166798    0.0
2.2863813024014235    0.0
2.303834594786167    0.0
2.321287887170911    0.0
2.3387411795556545    0.0
2.356194471940398    0.0
2.373647764325142    0.0
2.3911010567098856    0.0
2.4085543490946293    0.0
2.426007641479373    0.0
2.4434609338641167    0.0
2.4609142262488604    0.0
2.478367518633604    0.0
2.4958208110183477    0.0
2.5132741034030914    0.0
2.530727395787835    0.0
2.548180688172579    0.0
2.5656339805573225    0.0
2.583087272942066    0.0
2.60054056532681    0.0
2.6179938577115536    0.0
2.6354471500962973    0.0
2.652900442481041    4.186999797821045
2.6703537348657846    4.190000057220459
2.6878070272505283    4.146999835968018
2.705260319635272    4.193999767303467
2.7227136120200157    4.130000114440918
2.7401669044047594    4.073999881744385
2.757620196789503    4.169000148773193
2.775073489174247    4.070000171661377
2.7925267815589905    4.085999965667725
2.809980073943734    4.050000190734863
2.827433366328478    3.8380000591278076
2.8448866587132215    3.9590001106262207
2.8623399510979652    3.9489998817443848
2.879793243482709    3.9000000953674316
2.8972465358674526    3.937000036239624
2.9146998282521963    3.9519999027252197
2.93215312063694    3.9790000915527344
2.9496064130216837    3.9660000801086426
2.9670597054064274    3.8580000400543213
2.984512997791171    3.8550000190734863
3.0019662901759148    3.8910000324249268
3.0194195825606585    3.9730000495910645
3.036872874945402    3.8889999389648438
3.054326167330146    3.9709999561309814
3.0717794597148895    3.9110000133514404
3.089232752099633    3.8299999237060547
3.106686044484377    3.9769999980926514
3.1241393368691206    3.8940000534057617
3.1415926292538643    3.98799991607666
3.159045921638608    4.065000057220459
3.1764992140233517    0.0
3.1939525064080954    3.3459999561309814
3.211405798792839    3.3940000534057617
3.2288590911775827    3.4489998817443848
3.2463123835623264    3.4030001163482666
3.26376567594707    3.4140000343322754
3.281218968331814    3.430000066757202
3.2986722607165575    3.4089999198913574
3.316125553101301    3.3989999294281006
3.333578845486045    3.4790000915527344
3.3510321378707886    3.4649999141693115
3.3684854302555323    3.4790000915527344
3.385938722640276    3.5390000343322754
3.4033920150250196    3.572000026702881
3.4208453074097633    3.5869998931884766
3.438298599794507    3.5199999809265137
3.4557518921792507    0.0
3.4732051845639944    0.0
3.490658476948738    0.0
3.508111769333482    0.0
3.5255650617182255    0.0
3.543018354102969    0.0
3.560471646487713    0.0
3.5779249388724566    0.0
3.5953782312572002    0.0
3.612831523641944    0.0
3.6302848160266876    0.0
3.6477381084114313    0.0
3.665191400796175    0.0
3.6826446931809187    0.0
3.7000979855656624    0.0
3.717551277950406    0.0
3.7350045703351498    0.0
3.7524578627198935    0.0
3.769911155104637    0.0
3.787364447489381    0.0
3.8048177398741245    0.0
3.822271032258868    0.0
3.839724324643612    0.0
3.8571776170283556    0.0
3.8746309094130993    0.0
3.892084201797843    0.0
3.9095374941825867    0.0
3.9269907865673304    0.0
3.944444078952074    0.0
3.9618973713368177    0.0
3.9793506637215614    0.0
3.996803956106305    0.0
4.014257248491049    0.0
4.0317105408757925    0.0
4.049163833260536    1.1169999837875366
4.06661712564528    1.1269999742507935
4.084070418030024    1.1230000257492065
4.101523710414767    1.1050000190734863
4.118977002799511    0.0
4.136430295184255    0.0
4.153883587568998    0.0
4.171336879953742    2.0869998931884766
4.188790172338486    2.0980000495910645
4.206243464723229    2.0820000171661377
4.223696757107973    2.062000036239624
4.241150049492717    2.052999973297119
4.2586033418774605    2.0399999618530273
4.276056634262204    2.015000104904175
4.293509926646948    1.99399995803833
4.3109632190316916    1.9910000562667847
4.328416511416435    1.968000054359436
4.345869803801179    1.9550000429153442
4.363323096185923    1.940000057220459
4.380776388570666    1.937999963760376
4.39822968095541    1.9160000085830688
4.415682973340154    1.9140000343322754
4.433136265724897    1.909999966621399
4.450589558109641    1.8949999809265137
4.468042850494385    1.0049999952316284
4.4854961428791285    1.0089999437332153
4.502949435263872    1.003999948501587
4.520402727648616    0.9940000176429749
4.5378560200333595    2.822000026702881
4.555309312418103    0.4779999852180481
4.572762604802847    0.4779999852180481
4.590215897187591    0.4740000069141388
4.607669189572334    0.4690000116825104
4.625122481957078    0.4580000042915344
4.642575774341822    0.4569999873638153
4.660029066726565    0.4560000002384186
4.677482359111309    0.4560000002384186
4.694935651496053    0.4580000042915344
4.712388943880796    0.45899999141693115
4.72984223626554    0.46000000834465027
4.747295528650284    0.4650000035762787
4.7647488210350275    0.46299999952316284
4.782202113419771    0.46700000762939453
4.799655405804515    0.4620000123977661
4.817108698189259    0.4819999933242798
4.834561990574002    0.4909999966621399
4.852015282958746    0.0
4.86946857534349    2.875999927520752
4.886921867728233    2.806999921798706
4.904375160112977    2.815999984741211
4.921828452497721    2.8310000896453857
4.939281744882464    2.8359999656677246
4.956735037267208    2.86299991607666
4.974188329651952    2.871999979019165
4.9916416220366955    2.9040000438690186
5.009094914421439    2.88700008392334
5.026548206806183    2.937999963760376
5.0440014991909266    2.9609999656677246
5.06145479157567    2.9709999561309814
5.078908083960414    2.9809999465942383
5.096361376345158    3.0290000438690186
5.113814668729901    3.0490000247955322
5.131267961114645    3.071000099182129
5.148721253499389    3.1029999256134033
5.166174545884132    3.117000102996826
5.183627838268876    3.1489999294281006
5.20108113065362    3.177000045776367
5.2185344230383635    3.2249999046325684
5.235987715423107    3.2290000915527344
5.253441007807851    3.2899999618530273
5.2708943001925945    3.3519999980926514
5.288347592577338    3.388000011444092
5.305800884962082    3.390000104904175
5.323254177346826    3.437999963760376
5.340707469731569    3.447999954223633
5.358160762116313    3.5789999961853027
5.375614054501057    3.571000099182129
5.3930673468858    3.6649999618530273
5.410520639270544    3.73799991607666
5.427973931655288    3.819999933242798
5.445427224040031    3.9839999675750732
5.462880516424775    4.041999816894531
5.480333808809519    4.09499979019165
5.4977871011942625    0.0
5.515240393579006    0.0
5.53269368596375    2.005000114440918
5.550146978348494    1.9789999723434448
5.567600270733237    1.9839999675750732
5.585053563117981    0.0
5.602506855502725    0.0
5.619960147887468    2.2219998836517334
5.637413440272212    2.188999891281128
5.654866732656956    2.196000099182129
5.672320025041699    2.184999942779541
5.689773317426443    0.0
5.707226609811187    0.0
5.7246799021959305    0.0
5.742133194580674    0.0
5.759586486965418    0.0
5.7770397793501616    0.0
5.794493071734905    0.0
5.811946364119649    0.0
5.829399656504393    0.0
5.846852948889136    0.0
5.86430624127388    0.0
5.881759533658624    0.0
5.899212826043367    0.0
5.916666118428111    0.0
5.934119410812855    0.0
5.9515727031975985    1.4930000305175781
5.969025995582342    1.4119999408721924
5.986479287967086    0.0
6.0039325803518295    2.115000009536743
6.021385872736573    0.0
6.038839165121317    0.0
6.056292457506061    0.0
6.073745749890804    2.9800000190734863
6.091199042275548    0.0
6.108652334660292    0.0
6.126105627045035    0.0
6.143558919429779    0.0
6.161012211814523    0.0
6.178465504199266    0.0
6.19591879658401    0.0
6.213372088968754    0.4189999997615814
6.2308253813534975    0.0
6.248278673738241    0.0
6.265731966122985    0.0
0.0    0.0
0.01745329238474369    0.0
0.03490658476948738    3.549999952316284
0.05235987715423107    0.0
0.06981316953897476    0.0
0.08726646192371845    2.992000102996826
0.10471975430846214    0.0
0.12217304669320583    0.0
0.13962633907794952    0.0
0.15707963146269321    2.1619999408721924
0.1745329238474369    0.0
0.1919862162321806    1.4859999418258667
0.20943950861692429    1.409999966621399
0.22689280100166798    0.0
0.24434609338641167    0.0
0.26179938577115536    0.0
0.27925267815589905    0.0
0.29670597054064274    0.0
0.31415926292538643    0.0
0.3316125553101301    0.0
0.3490658476948738    0.0
0.3665191400796175    0.0
0.3839724324643612    0.0
0.4014257248491049    0.0
0.41887901723384857    0.0
0.43633230961859226    0.0
0.45378560200333595    4.136000156402588
0.47123889438807964    0.0
0.48869218677282333    3.9119999408721924
0.506145479157567    3.740000009536743
0.5235987715423107    3.6459999084472656
0.5410520639270544    3.568000078201294
0.5585053563117981    3.489000082015991
0.5759586486965418    3.427999973297119
0.5934119410812855    3.3550000190734863
0.6108652334660292    3.260999917984009
0.6283185258507729    3.2009999752044678
0.6457718182355165    3.1549999713897705
0.6632251106202602    3.0880000591278076
0.6806784030050039    3.0510001182556152
0.6981316953897476    3.009000062942505
0.7155849877744913    2.9690001010894775
0.733038280159235    2.8940000534057617
0.7504915725439787    2.875999927520752
0.7679448649287224    2.8399999141693115
0.7853981573134661    2.803999900817871
0.8028514496982098    2.75
0.8203047420829535    2.7260000705718994
0.8377580344676971    2.6989998817443848
0.8552113268524408    2.6570000648498535
0.8726646192371845    2.6530001163482666
0.8901179116219282    2.5980000495910645
0.9075712040066719    2.568000078201294
0.9250244963914156    2.556999921798706
0.9424777887761593    2.5269999504089355
0.959931081160903    2.506999969482422
0.9773843735456467    2.500999927520752
0.9948376659303904    2.4690001010894775
1.012290958315134    2.437999963760376
1.0297442506998777    2.437000036239624
1.0471975430846214    2.434000015258789
1.0646508354693651    2.3940000534057617
1.0821041278541088    2.384000062942505
1.0995574202388525    2.377000093460083
1.1170107126235962    2.3589999675750732
1.1344640050083399    2.3269999027252197
1.1519172973930836    2.3310000896453857
1.1693705897778273    2.316999912261963
1.186823882162571    2.305000066757202
1.2042771745473146    2.296999931335449
1.2217304669320583    2.2920000553131104
1.239183759316802    2.2730000019073486
1.2566370517015457    2.2639999389648438
1.2740903440862894    2.259000062942505
1.291543636471033    2.252000093460083
1.3089969288557768    2.239000082015991
1.3264502212405205    2.2320001125335693
1.3439035136252642    2.2290000915527344
1.3613568060100079    2.2190001010894775
1.3788100983947515    2.2239999771118164
1.3962633907794952    2.2190001010894775
1.413716683164239    2.2009999752044678
1.4311699755489826    2.2309999465942383
1.4486232679337263    2.2249999046325684
1.46607656031847    2.2170000076293945
1.4835298527032137    2.2100000381469727
1.5009831450879574    2.2200000286102295
1.518436437472701    2.2269999980926514
1.5358897298574448    2.2230000495910645
1.5533430222421885    2.2039999961853027
1.5707963146269321    2.2339999675750732
1.5882496070116758    2.24399995803833
1.6057028993964195    2.23799991607666
1.6231561917811632    2.2309999465942383
1.640609484165907    2.2669999599456787
1.6580627765506506    2.2720000743865967
1.6755160689353943    2.2690000534057617
1.692969361320138    2.2920000553131104
1.7104226537048817    2.2980000972747803
1.7278759460896254    2.3010001182556152
1.745329238474369    2.302999973297119
1.7627825308591127    2.3320000171661377
1.7802358232438564    2.3389999866485596
1.7976891156286001    2.3450000286102295
1.8151424080133438    2.371999979019165
1.8325957003980875    2.378000020980835
1.8500489927828312    2.490000009536743
1.8675022851675749    3.2990000247955322
1.8849555775523186    3.3359999656677246
1.9024088699370623    3.369999885559082
1.919862162321806    3.3980000019073486
1.9373154547065496    3.4059998989105225
1.9547687470912933    3.484999895095825
1.972222039476037    3.510999917984009
1.9896753318607807    0.0
2.0071286242455244    3.2980000972747803
2.024581916630268    3.2890000343322754
2.042035209015012    3.375
2.0594885013997555    3.4010000228881836
2.076941793784499    3.437999963760376
2.094395086169243    3.6419999599456787
2.1118483785539865    3.8369998931884766
2.1293016709387302    3.9210000038146973
2.146754963323474    4.1579999923706055
2.1642082557082176    4.117000102996826
2.1816615480929613    0.0
2.199114840477705    0.0
2.2165681328624487    0.0
2.2340214252471924    0.0
2.251474717631936    0.0
2.2689280100166798    0.0
2.2863813024014235    0.0
2.303834594786167    0.0
2.321287887170911    0.0
2.3387411795556545    0.0
2.356194471940398    0.0
2.373647764325142    0.0
2.3911010567098856    0.0
2.4085543490946293    0.0
2.426007641479373    0.0
2.4434609338641167    0.0
2.4609142262488604    0.0
2.478367518633604    0.0
2.4958208110183477    0.0
2.5132741034030914    0.0
2.530727395787835    0.0
2.548180688172579    0.0
2.5656339805573225    0.0
2.583087272942066    0.0
2.60054056532681    0.0
2.6179938577115536    0.0
2.6354471500962973    0.0
2.652900442481041    0.0
2.6703537348657846    4.122000217437744
2.6878070272505283    4.184999942779541
2.705260319635272    4.127999782562256
2.7227136120200157    4.13100004196167
2.7401669044047594    4.074999809265137
2.757620196789503    4.071000099182129
2.775073489174247    4.0879998207092285
2.7925267815589905    4.02400016784668
2.809980073943734    4.035999774932861
2.827433366328478    3.9820001125335693
2.8448866587132215    3.9119999408721924
2.8623399510979652    3.9820001125335693
2.879793243482709    3.9660000801086426
2.8972465358674526    3.934999942779541
2.9146998282521963    3.875
2.93215312063694    3.934999942779541
2.9496064130216837    3.9019999504089355
2.9670597054064274    3.872999906539917
2.984512997791171    3.880000114440918
3.0019662901759148    3.9110000133514404
3.0194195825606585    3.8420000076293945
3.036872874945402    3.8959999084472656
3.054326167330146    3.9130001068115234
3.0717794597148895    3.9489998817443848
3.089232752099633    3.9660000801086426
3.106686044484377    3.8420000076293945
3.1241393368691206    3.9800000190734863
3.1415926292538643    3.9600000381469727
3.159045921638608    4.0960001945495605
3.1764992140233517    0.0
3.1939525064080954    3.3420000076293945
3.211405798792839    3.38100004196167
3.2288590911775827    3.4070000648498535
3.2463123835623264    3.390000104904175
3.26376567594707    3.4210000038146973
3.281218968331814    3.447999954223633
3.2986722607165575    3.4130001068115234
3.316125553101301    3.4630000591278076
3.333578845486045    3.450000047683716
3.3510321378707886    3.562999963760376
3.3684854302555323    3.5409998893737793
3.385938722640276    3.5360000133514404
3.4033920150250196    3.5880000591278076
3.4208453074097633    3.5950000286102295
3.438298599794507    3.6559998989105225
3.4557518921792507    0.0
3.4732051845639944    0.0
3.490658476948738    0.0
3.508111769333482    0.0
3.5255650617182255    0.0
3.543018354102969    0.0
3.560471646487713    0.0
3.5779249388724566    0.0
3.5953782312572002    0.0
3.612831523641944    0.0
3.6302848160266876    0.0
3.6477381084114313    0.0
3.665191400796175    0.0
3.6826446931809187    0.0
3.7000979855656624    0.0
3.717551277950406    0.0
3.7350045703351498    0.0
3.7524578627198935    0.0
3.769911155104637    0.0
3.787364447489381    0.0
3.8048177398741245    0.0
3.822271032258868    0.0
3.839724324643612    0.0
3.8571776170283556    0.0
3.8746309094130993    0.0
3.892084201797843    0.0
3.9095374941825867    0.0
3.9269907865673304    0.0
3.944444078952074    0.0
3.9618973713368177    0.0
3.9793506637215614    0.0
3.996803956106305    0.0
4.014257248491049    0.0
4.0317105408757925    0.0
4.049163833260536    1.1349999904632568
4.06661712564528    1.128999948501587
4.084070418030024    1.1160000562667847
4.101523710414767    1.1339999437332153
4.118977002799511    0.0
4.136430295184255    0.0
4.153883587568998    0.0
4.171336879953742    2.109999895095825
4.188790172338486    2.1110000610351562
4.206243464723229    2.0850000381469727
4.223696757107973    2.059999942779541
4.241150049492717    2.062999963760376
4.2586033418774605    2.0480000972747803
4.276056634262204    2.009999990463257
4.293509926646948    1.9930000305175781
4.3109632190316916    1.9900000095367432
4.328416511416435    1.9620000123977661
4.345869803801179    1.9570000171661377
4.363323096185923    1.9579999446868896
4.380776388570666    1.937000036239624
4.39822968095541    1.9240000247955322
4.415682973340154    1.9210000038146973
4.433136265724897    1.9140000343322754
4.450589558109641    1.8930000066757202
4.468042850494385    1.0110000371932983
4.4854961428791285    0.9959999918937683
4.502949435263872    0.9959999918937683
4.520402727648616    0.9959999918937683
4.5378560200333595    2.7720000743865967
4.555309312418103    2.7249999046325684
4.572762604802847    0.4790000021457672
4.590215897187591    0.4790000021457672
4.607669189572334    0.45399999618530273
4.625122481957078    0.4560000002384186
4.642575774341822    0.45899999141693115
4.660029066726565    0.4580000042915344
4.677482359111309    0.4569999873638153
4.694935651496053    0.4580000042915344
4.712388943880796    0.46299999952316284
4.72984223626554    0.46299999952316284
4.747295528650284    0.4650000035762787
4.7647488210350275    0.47099998593330383
4.782202113419771    0.4699999988079071
4.799655405804515    0.4699999988079071
4.817108698189259    0.47699999809265137
4.834561990574002    0.47999998927116394
4.852015282958746    0.5139999985694885
4.86946857534349    0.0
4.886921867728233    2.822999954223633
4.904375160112977    2.806999921798706
4.921828452497721    2.8440001010894775
4.939281744882464    2.8540000915527344
4.956735037267208    2.868000030517578
4.974188329651952    2.885999917984009
4.9916416220366955    2.8949999809265137
5.009094914421439    2.9130001068115234
5.026548206806183    2.930000066757202
5.0440014991909266    2.9600000381469727
5.06145479157567    2.9509999752044678
5.078908083960414    2.993000030517578
5.096361376345158    3.0269999504089355
5.113814668729901    3.052999973297119
5.131267961114645    3.072999954223633
5.148721253499389    3.11899995803833
5.166174545884132    3.124000072479248
5.183627838268876    3.1489999294281006
5.20108113065362    3.1610000133514404
5.2185344230383635    3.2079999446868896
5.235987715423107    3.242000102996826
5.253441007807851    3.303999900817871
5.2708943001925945    3.321000099182129
5.288347592577338    3.388000011444092
5.305800884962082    3.371000051498413
5.323254177346826    3.447000026702881
5.340707469731569    3.4539999961853027
5.358160762116313    3.5880000591278076
5.375614054501057    3.5339999198913574
5.3930673468858    3.680000066757202
5.410520639270544    3.7769999504089355
5.427973931655288    3.8929998874664307
5.445427224040031    4.01800012588501
5.462880516424775    4.10699987411499
5.480333808809519    4.199999809265137
5.4977871011942625    4.191999912261963
5.515240393579006    4.166999816894531
5.53269368596375    2.002000093460083
5.550146978348494    1.9839999675750732
5.567600270733237    1.9759999513626099
5.585053563117981    0.0
5.602506855502725    0.0
5.619960147887468    2.2049999237060547
5.637413440272212    2.188999891281128
5.654866732656956    2.180999994277954
5.672320025041699    2.190000057220459
5.689773317426443    0.0
5.707226609811187    0.0
5.7246799021959305    0.0
5.742133194580674    0.0
5.759586486965418    0.0
5.7770397793501616    0.0
5.794493071734905    0.0
5.811946364119649    0.0
5.829399656504393    0.0
5.846852948889136    0.0
5.86430624127388    0.0
5.881759533658624    0.0
5.899212826043367    0.0
5.916666118428111    0.0
5.934119410812855    0.0
5.9515727031975985    1.472000002861023
5.969025995582342    1.4490000009536743
5.986479287967086    0.0
6.0039325803518295    2.0980000495910645
6.021385872736573    0.0
6.038839165121317    0.0
6.056292457506061    0.0
6.073745749890804    3.00600004196167
6.091199042275548    0.0
6.108652334660292    0.0
6.126105627045035    0.0
6.143558919429779    0.0
6.161012211814523    0.0
6.178465504199266    0.0
6.19591879658401    0.0
6.213372088968754    0.4189999997615814
6.2308253813534975    0.0
6.248278673738241    0.0
6.265731966122985    0.0
0.0    0.0
0.01745329238474369    0.0
0.03490658476948738    3.5139999389648438
0.05235987715423107    0.0
0.06981316953897476    0.0
0.08726646192371845    2.9749999046325684
0.10471975430846214    0.0
0.12217304669320583    0.0
0.13962633907794952    0.0
0.15707963146269321    2.138000011444092
0.1745329238474369    0.0
0.1919862162321806    1.4630000591278076
0.20943950861692429    1.465999960899353
0.22689280100166798    0.0
0.24434609338641167    0.0
0.26179938577115536    0.0
0.27925267815589905    0.0
0.29670597054064274    0.0
0.31415926292538643    0.0
0.3316125553101301    0.0
0.3490658476948738    0.0
0.3665191400796175    0.0
0.3839724324643612    0.0
0.4014257248491049    0.0
0.41887901723384857    0.0
0.43633230961859226    0.0
0.45378560200333595    0.0
0.47123889438807964    4.107999801635742
0.48869218677282333    3.934000015258789
0.506145479157567    3.7130000591278076
0.5235987715423107    3.63100004196167
0.5410520639270544    3.5769999027252197
0.5585053563117981    3.4709999561309814
0.5759586486965418    3.375999927520752
0.5934119410812855    3.3469998836517334
0.6108652334660292    3.299999952316284
0.6283185258507729    3.2019999027252197
0.6457718182355165    3.1549999713897705
0.6632251106202602    3.0880000591278076
0.6806784030050039    3.052000045776367
0.6981316953897476    3.010999917984009
0.7155849877744913    2.9709999561309814
0.733038280159235    2.8949999809265137
0.7504915725439787    2.86299991607666
0.7679448649287224    2.822000026702881
0.7853981573134661    2.796999931335449
0.8028514496982098    2.759999990463257
0.8203047420829535    2.7260000705718994
0.8377580344676971    2.691999912261963
0.8552113268524408    2.6760001182556152
0.8726646192371845    2.6510000228881836
0.8901179116219282    2.6080000400543213
0.9075712040066719    2.5769999027252197
0.9250244963914156    2.553999900817871
0.9424777887761593    2.5309998989105225
0.959931081160903    2.506999969482422
0.9773843735456467    2.496000051498413
0.9948376659303904    2.4739999771118164
1.012290958315134    2.444000005722046
1.0297442506998777    2.436000108718872
1.0471975430846214    2.4200000762939453
1.0646508354693651    2.3940000534057617
1.0821041278541088    2.375999927520752
1.0995574202388525    2.377000093460083
1.1170107126235962    2.3519999980926514
1.1344640050083399    2.321000099182129
1.1519172973930836    2.3320000171661377
1.1693705897778273    2.311000108718872
1.186823882162571    2.2939999103546143
1.2042771745473146    2.2980000972747803
1.2217304669320583    2.2839999198913574
1.239183759316802    2.2679998874664307
1.2566370517015457    2.259000062942505
1.2740903440862894    2.253999948501587
1.291543636471033    2.255000114440918
1.3089969288557768    2.249000072479248
1.3264502212405205    2.240999937057495
1.3439035136252642    2.2260000705718994
1.3613568060100079    2.2209999561309814
1.3788100983947515    2.2249999046325684
1.3962633907794952    2.2200000286102295
1.413716683164239    2.203000068664551
1.4311699755489826    2.2209999561309814
1.4486232679337263    2.2200000286102295
1.46607656031847    2.2170000076293945
1.4835298527032137    2.2149999141693115
1.5009831450879574    2.2139999866485596
1.518436437472701    2.2300000190734863
1.5358897298574448    2.2119998931884766
1.5533430222421885    2.2219998836517334
1.5707963146269321    2.2230000495910645
1.5882496070116758    2.2320001125335693
1.6057028993964195    2.240999937057495
1.6231561917811632    2.240999937057495
1.640609484165907    2.2709999084472656
1.6580627765506506    2.260999917984009
1.6755160689353943    2.2639999389648438
1.692969361320138    2.2769999504089355
1.7104226537048817    2.305000066757202
1.7278759460896254    2.2990000247955322
1.745329238474369    2.305000066757202
1.7627825308591127    2.315000057220459
1.7802358232438564    2.3269999027252197
1.7976891156286001    2.3570001125335693
1.8151424080133438    2.375
1.8325957003980875    2.38100004196167
1.8500489927828312    2.436000108718872
1.8675022851675749    3.308000087738037
1.8849555775523186    3.3459999561309814
1.9024088699370623    3.390000104904175
1.919862162321806    3.375999927520752
1.9373154547065496    3.384999990463257
1.9547687470912933    3.4170000553131104
1.972222039476037    3.4660000801086426
1.9896753318607807    0.0
2.0071286242455244    3.365000009536743
2.024581916630268    3.303999900817871
2.042035209015012    3.382999897003174
2.0594885013997555    3.3980000019073486
2.076941793784499    3.321000099182129
2.094395086169243    3.6519999504089355
2.1118483785539865    3.8399999141693115
2.1293016709387302    3.9630000591278076
2.146754963323474    3.996000051498413
2.1642082557082176    4.0879998207092285
2.1816615480929613    0.0
2.199114840477705    0.0
2.2165681328624487    0.0
2.2340214252471924    0.0
2.251474717631936    0.0
2.2689280100166798    0.0
2.2863813024014235    0.0
2.303834594786167    0.0
2.321287887170911    0.0
2.3387411795556545    0.0
2.356194471940398    0.0
2.373647764325142    0.0
2.3911010567098856    0.0
2.4085543490946293    0.0
2.426007641479373    0.0
2.4434609338641167    0.0
2.4609142262488604    0.0
2.478367518633604    0.0
2.4958208110183477    0.0
2.5132741034030914    0.0
2.530727395787835    0.0
2.548180688172579    0.0
2.5656339805573225    0.0
2.583087272942066    0.0
2.60054056532681    0.0
2.6179938577115536    0.0
2.6354471500962973    0.0
2.652900442481041    0.0
2.6703537348657846    4.156000137329102
2.6878070272505283    0.0
2.705260319635272    4.191999912261963
2.7227136120200157    4.183000087738037
2.7401669044047594    4.15500020980835
2.757620196789503    3.984999895095825
2.775073489174247    3.9739999771118164
2.7925267815589905    4.059000015258789
2.809980073943734    4.0329999923706055
2.827433366328478    3.936000108718872
2.8448866587132215    3.9179999828338623
2.8623399510979652    4.013999938964844
2.879793243482709    3.938999891281128
2.8972465358674526    3.9860000610351562
2.9146998282521963    3.869999885559082
2.93215312063694    3.812000036239624
2.9496064130216837    3.880000114440918
2.9670597054064274    3.859999895095825
2.984512997791171    3.7880001068115234
3.0019662901759148    3.874000072479248
3.0194195825606585    3.802999973297119
3.036872874945402    3.868000030517578
3.054326167330146    3.8410000801086426
3.0717794597148895    3.8340001106262207
3.089232752099633    3.8610000610351562
3.106686044484377    3.9560000896453857
3.1241393368691206    3.936000108718872
3.1415926292538643    3.930000066757202
3.159045921638608    4.054999828338623
3.1764992140233517    4.007999897003174
3.1939525064080954    3.3529999256134033
3.211405798792839    3.364000082015991
3.2288590911775827    3.3949999809265137
3.2463123835623264    3.3949999809265137
3.26376567594707    3.375999927520752
3.281218968331814    3.4119999408721924
3.2986722607165575    3.384000062942505
3.316125553101301    3.4140000343322754
3.333578845486045    3.4579999446868896
3.3510321378707886    3.4489998817443848
3.3684854302555323    3.4830000400543213
3.385938722640276    3.5280001163482666
3.4033920150250196    3.5510001182556152
3.4208453074097633    3.5999999046325684
3.438298599794507    3.5920000076293945
3.4557518921792507    0.0
3.4732051845639944    0.0
3.490658476948738    0.0
3.508111769333482    0.0
3.5255650617182255    0.0
3.543018354102969    0.0
3.560471646487713    0.0
3.5779249388724566    0.0
3.5953782312572002    0.0
3.612831523641944    0.0
3.6302848160266876    0.0
3.6477381084114313    0.0
3.665191400796175    0.0
3.6826446931809187    0.0
3.7000979855656624    0.0
3.717551277950406    0.0
3.7350045703351498    0.0
3.7524578627198935    0.0
3.769911155104637    0.0
3.787364447489381    0.0
3.8048177398741245    0.0
3.822271032258868    0.0
3.839724324643612    0.0
3.8571776170283556    0.0
3.8746309094130993    0.0
3.892084201797843    0.0
3.9095374941825867    0.0
3.9269907865673304    0.0
3.944444078952074    0.0
3.9618973713368177    0.0
3.9793506637215614    0.0
3.996803956106305    0.0
4.014257248491049    0.0
4.0317105408757925    0.0
4.049163833260536    1.1299999952316284
4.06661712564528    1.1380000114440918
4.084070418030024    1.121000051498413
4.101523710414767    1.1449999809265137
4.118977002799511    0.0
4.136430295184255    0.0
4.153883587568998    0.0
4.171336879953742    2.111999988555908
4.188790172338486    2.1040000915527344
4.206243464723229    2.078000068664551
4.223696757107973    2.065000057220459
4.241150049492717    2.052999973297119
4.2586033418774605    2.0480000972747803
4.276056634262204    2.013000011444092
4.293509926646948    1.9910000562667847
4.3109632190316916    1.9839999675750732
4.328416511416435    1.968000054359436
4.345869803801179    1.9559999704360962
4.363323096185923    1.9450000524520874
4.380776388570666    1.930999994277954
4.39822968095541    1.9179999828338623
4.415682973340154    1.9240000247955322
4.433136265724897    1.9190000295639038
4.450589558109641    1.906999945640564
4.468042850494385    0.9800000190734863
4.4854961428791285    0.9800000190734863
4.502949435263872    0.9850000143051147
4.520402727648616    0.9879999756813049
4.5378560200333595    2.8440001010894775
4.555309312418103    2.744999885559082
4.572762604802847    2.193000078201294
4.590215897187591    0.0
4.607669189572334    0.47200000286102295
4.625122481957078    0.4699999988079071
4.642575774341822    0.4690000116825104
4.660029066726565    0.46799999475479126
4.677482359111309    0.45899999141693115
4.694935651496053    0.4580000042915344
4.712388943880796    0.4569999873638153
4.72984223626554    0.4580000042915344
4.747295528650284    0.4620000123977661
4.7647488210350275    0.47200000286102295
4.782202113419771    0.460999995470047
4.799655405804515    0.46399998664855957
4.817108698189259    0.46799999475479126
4.834561990574002    0.4729999899864197
4.852015282958746    0.47099998593330383
4.86946857534349    0.49399998784065247
4.886921867728233    0.5199999809265137
4.904375160112977    0.0
4.921828452497721    2.8269999027252197
4.939281744882464    2.8410000801086426
4.956735037267208    2.8510000705718994
4.974188329651952    2.875999927520752
4.9916416220366955    2.9230000972747803
5.009094914421439    2.9010000228881836
5.026548206806183    2.9240000247955322
5.0440014991909266    2.9570000171661377
5.06145479157567    2.9649999141693115
5.078908083960414    2.999000072479248
5.096361376345158    3.0169999599456787
5.113814668729901    3.059000015258789
5.131267961114645    3.071000099182129
5.148721253499389    3.0980000495910645
5.166174545884132    3.124000072479248
5.183627838268876    3.1530001163482666
5.20108113065362    3.174999952316284
5.2185344230383635    3.2170000076293945
5.235987715423107    3.249000072479248
5.253441007807851    3.2839999198913574
5.2708943001925945    3.3369998931884766
5.288347592577338    3.3540000915527344
5.305800884962082    3.38700008392334
5.323254177346826    3.4230000972747803
5.340707469731569    3.496000051498413
5.358160762116313    3.555999994277954
5.375614054501057    3.5950000286102295
5.3930673468858    3.6630001068115234
5.410520639270544    3.757999897003174
5.427973931655288    3.865000009536743
5.445427224040031    3.882999897003174
5.462880516424775    4.104000091552734
5.480333808809519    4.01200008392334
5.4977871011942625    0.0
5.515240393579006    0.0
5.53269368596375    2.009000062942505
5.550146978348494    1.9739999771118164
5.567600270733237    1.968999981880188
5.585053563117981    0.0
5.602506855502725    0.0
5.619960147887468    2.194999933242798
5.637413440272212    2.184999942779541
5.654866732656956    2.180999994277954
5.672320025041699    2.197000026702881
5.689773317426443    0.0
5.707226609811187    0.0
5.7246799021959305    0.0
5.742133194580674    0.0
5.759586486965418    0.0
5.7770397793501616    0.0
5.794493071734905    0.0
5.811946364119649    0.0
5.829399656504393    0.0
5.846852948889136    0.0
5.86430624127388    0.0
5.881759533658624    0.0
5.899212826043367    0.0
5.916666118428111    0.0
5.934119410812855    0.0
5.9515727031975985    1.4880000352859497
5.969025995582342    1.4520000219345093
5.986479287967086    0.0
6.0039325803518295    2.1019999980926514
6.021385872736573    0.0
6.038839165121317    0.0
6.056292457506061    0.0
6.073745749890804    3.009000062942505
6.091199042275548    0.0
6.108652334660292    0.0
6.126105627045035    0.0
6.143558919429779    0.0
6.161012211814523    0.0
6.178465504199266    0.0
6.19591879658401    0.0
6.213372088968754    0.4189999997615814
6.2308253813534975    0.0
6.248278673738241    0.0
6.265731966122985    0.0
0.0    0.0
0.01745329238474369    0.0
0.03490658476948738    3.5439999103546143
0.05235987715423107    0.0
0.06981316953897476    0.0
0.08726646192371845    2.9830000400543213
0.10471975430846214    0.0
0.12217304669320583    0.0
0.13962633907794952    0.0
0.15707963146269321    2.1410000324249268
0.1745329238474369    0.0
0.1919862162321806    1.4819999933242798
0.20943950861692429    0.0
0.22689280100166798    0.0
0.24434609338641167    0.0
0.26179938577115536    0.0
0.27925267815589905    0.0
0.29670597054064274    0.0
0.31415926292538643    0.0
0.3316125553101301    0.0
0.3490658476948738    0.0
0.3665191400796175    0.0
0.3839724324643612    0.0
0.4014257248491049    0.0
0.41887901723384857    0.0
0.43633230961859226    0.0
0.45378560200333595    0.0
0.47123889438807964    4.117000102996826
0.48869218677282333    3.872999906539917
0.506145479157567    3.617000102996826
0.5235987715423107    3.615000009536743
0.5410520639270544    3.621999979019165
0.5585053563117981    3.4660000801086426
0.5759586486965418    3.367000102996826
0.5934119410812855    3.308000087738037
0.6108652334660292    3.263000011444092
0.6283185258507729    3.190000057220459
0.6457718182355165    3.1449999809265137
0.6632251106202602    3.0929999351501465
0.6806784030050039    3.0480000972747803
0.6981316953897476    2.993000030517578
0.7155849877744913    2.931999921798706
0.733038280159235    2.8949999809265137
0.7504915725439787    2.880000114440918
0.7679448649287224    2.819999933242798
0.7853981573134661    2.7899999618530273
0.8028514496982098    2.75
0.8203047420829535    2.7269999980926514
0.8377580344676971    2.690999984741211
0.8552113268524408    2.6760001182556152
0.8726646192371845    2.615000009536743
0.8901179116219282    2.5840001106262207
0.9075712040066719    2.562000036239624
0.9250244963914156    2.549999952316284
0.9424777887761593    2.5230000019073486
0.959931081160903    2.509000062942505
0.9773843735456467    2.4830000400543213
0.9948376659303904    2.453000068664551
1.012290958315134    2.437999963760376
1.0297442506998777    2.4230000972747803
1.0471975430846214    2.4179999828338623
1.0646508354693651    2.3910000324249268
1.0821041278541088    2.372999906539917
1.0995574202388525    2.378000020980835
1.1170107126235962    2.3459999561309814
1.1344640050083399    2.3269999027252197
1.1519172973930836    2.319999933242798
1.1693705897778273    2.2939999103546143
1.186823882162571    2.2980000972747803
1.2042771745473146    2.296999931335449
1.2217304669320583    2.2839999198913574
1.239183759316802    2.2769999504089355
1.2566370517015457    2.256999969482422
1.2740903440862894    2.25600004196167
1.291543636471033    2.25
1.3089969288557768    2.234999895095825
1.3264502212405205    2.24399995803833
1.3439035136252642    2.2309999465942383
1.3613568060100079    2.2300000190734863
1.3788100983947515    2.2230000495910645
1.3962633907794952    2.2209999561309814
1.413716683164239    2.2109999656677246
1.4311699755489826    2.2130000591278076
1.4486232679337263    2.2309999465942383
1.46607656031847    2.2090001106262207
1.4835298527032137    2.2160000801086426
1.5009831450879574    2.2079999446868896
1.518436437472701    2.2249999046325684
1.5358897298574448    2.2179999351501465
1.5533430222421885    2.2200000286102295
1.5707963146269321    2.2249999046325684
1.5882496070116758    2.23799991607666
1.6057028993964195    2.257999897003174
1.6231561917811632    2.25
1.640609484165907    2.2809998989105225
1.6580627765506506    2.2709999084472656
1.6755160689353943    2.2699999809265137
1.692969361320138    2.2880001068115234
1.7104226537048817    2.296999931335449
1.7278759460896254    2.2990000247955322
1.745329238474369    2.309000015258789
1.7627825308591127    2.315999984741211
1.7802358232438564    2.3410000801086426
1.7976891156286001    2.3580000400543213
1.8151424080133438    2.367000102996826
1.8325957003980875    2.38700008392334
1.8500489927828312    3.0999999046325684
1.8675022851675749    3.3340001106262207
1.8849555775523186    3.316999912261963
1.9024088699370623    3.367000102996826
1.919862162321806    3.388000011444092
1.9373154547065496    3.428999900817871
1.9547687470912933    3.4549999237060547
1.972222039476037    3.509000062942505
1.9896753318607807    0.0
2.0071286242455244    3.3320000171661377
2.024581916630268    3.318000078201294
2.042035209015012    3.322999954223633
2.0594885013997555    3.382999897003174
2.076941793784499    3.3429999351501465
2.094395086169243    3.7179999351501465
2.1118483785539865    3.88700008392334
2.1293016709387302    3.871000051498413
2.146754963323474    3.9170000553131104
2.1642082557082176    4.129000186920166
2.1816615480929613    0.0
2.199114840477705    0.0
2.2165681328624487    0.0
2.2340214252471924    0.0
2.251474717631936    0.0
2.2689280100166798    0.0
2.2863813024014235    0.0
2.303834594786167    0.0
2.321287887170911    0.0
2.3387411795556545    0.0
2.356194471940398    0.0
2.373647764325142    0.0
2.3911010567098856    0.0
2.4085543490946293    0.0
2.426007641479373    0.0
2.4434609338641167    0.0
2.4609142262488604    0.0
2.478367518633604    0.0
2.4958208110183477    0.0
2.5132741034030914    0.0
2.530727395787835    0.0
2.548180688172579    0.0
2.5656339805573225    0.0
2.583087272942066    0.0
2.60054056532681    0.0
2.6179938577115536    0.0
2.6354471500962973    0.0
2.652900442481041    0.0
2.6703537348657846    4.178999900817871
2.6878070272505283    0.0
2.705260319635272    4.130000114440918
2.7227136120200157    4.158999919891357
2.7401669044047594    4.132999897003174
2.757620196789503    4.039999961853027
2.775073489174247    4.021999835968018
2.7925267815589905    3.996999979019165
2.809980073943734    4.031000137329102
2.827433366328478    4.052000045776367
2.8448866587132215    3.9830000400543213
2.8623399510979652    3.9189999103546143
2.879793243482709    3.940999984741211
2.8972465358674526    3.8480000495910645
2.9146998282521963    3.8440001010894775
2.93215312063694    3.9100000858306885
2.9496064130216837    3.9049999713897705
2.9670597054064274    4.00600004196167
2.984512997791171    3.9769999980926514
3.0019662901759148    4.002999782562256
3.0194195825606585    3.8970000743865967
3.036872874945402    3.809000015258789
3.054326167330146    3.938999891281128
3.0717794597148895    3.8949999809265137
3.089232752099633    3.8480000495910645
3.106686044484377    3.8269999027252197
3.1241393368691206    3.9609999656677246
3.1415926292538643    3.859999895095825
3.159045921638608    3.867000102996826
3.1764992140233517    0.0
3.1939525064080954    3.378000020980835
3.211405798792839    3.372999906539917
3.2288590911775827    3.381999969482422
3.2463123835623264    3.3949999809265137
3.26376567594707    3.4200000762939453
3.281218968331814    3.3940000534057617
3.2986722607165575    3.4700000286102295
3.316125553101301    3.4539999961853027
3.333578845486045    3.4660000801086426
3.3510321378707886    3.4739999771118164
3.3684854302555323    3.496999979019165
3.385938722640276    3.490000009536743
3.4033920150250196    3.5230000019073486
3.4208453074097633    3.578000068664551
3.438298599794507    3.5789999961853027
3.4557518921792507    0.0
3.4732051845639944    0.0
3.490658476948738    0.0
3.508111769333482    0.0
3.5255650617182255    0.0
3.543018354102969    0.0
3.560471646487713    0.0
3.5779249388724566    0.0
3.5953782312572002    0.0
3.612831523641944    0.0
3.6302848160266876    0.0
3.6477381084114313    0.0
3.665191400796175    0.0
3.6826446931809187    0.0
3.7000979855656624    0.0
3.717551277950406    0.0
3.7350045703351498    0.0
3.7524578627198935    0.0
3.769911155104637    0.0
3.787364447489381    0.0
3.8048177398741245    0.0
3.822271032258868    0.0
3.839724324643612    0.0
3.8571776170283556    0.0
3.8746309094130993    0.0
3.892084201797843    0.0
3.9095374941825867    0.0
3.9269907865673304    0.0
3.944444078952074    0.0
3.9618973713368177    0.0
3.9793506637215614    0.0
3.996803956106305    0.0
4.014257248491049    0.0
4.0317105408757925    0.0
4.049163833260536    1.1430000066757202
4.06661712564528    1.1230000257492065
4.084070418030024    1.1339999437332153
4.101523710414767    1.1330000162124634
4.118977002799511    0.0
4.136430295184255    0.0
4.153883587568998    0.0
4.171336879953742    2.1050000190734863
4.188790172338486    2.1070001125335693
4.206243464723229    2.0869998931884766
4.223696757107973    2.059999942779541
4.241150049492717    2.0490000247955322
4.2586033418774605    2.0339999198913574
4.276056634262204    2.005000114440918
4.293509926646948    1.996000051498413
4.3109632190316916    1.9889999628067017
4.328416511416435    1.9809999465942383
4.345869803801179    1.9589999914169312
4.363323096185923    1.9550000429153442
4.380776388570666    1.940999984741211
4.39822968095541    1.9160000085830688
4.415682973340154    1.9119999408721924
4.433136265724897    1.9079999923706055
4.450589558109641    1.9149999618530273
4.468042850494385    0.996999979019165
4.4854961428791285    0.996999979019165
4.502949435263872    1.003000020980835
4.520402727648616    0.9980000257492065
4.5378560200333595    2.8239998817443848
4.555309312418103    2.746999979019165
4.572762604802847    2.193000078201294
4.590215897187591    2.1449999809265137
4.607669189572334    0.47699999809265137
4.625122481957078    0.47699999809265137
4.642575774341822    0.4729999899864197
4.660029066726565    0.4569999873638153
4.677482359111309    0.453000009059906
4.694935651496053    0.4560000002384186
4.712388943880796    0.45399999618530273
4.72984223626554    0.453000009059906
4.747295528650284    0.45399999618530273
4.7647488210350275    0.4569999873638153
4.782202113419771    0.46299999952316284
4.799655405804515    0.4620000123977661
4.817108698189259    0.46399998664855957
4.834561990574002    0.4699999988079071
4.852015282958746    0.4779999852180481
4.86946857534349    0.4869999885559082
4.886921867728233    0.49399998784065247
4.904375160112977    0.0
4.921828452497721    2.871999979019165
4.939281744882464    2.8440001010894775
4.956735037267208    2.8550000190734863
4.974188329651952    2.884999990463257
4.9916416220366955    2.9010000228881836
5.009094914421439    2.9149999618530273
5.026548206806183    2.927000045776367
5.0440014991909266    2.9609999656677246
5.06145479157567    2.9600000381469727
5.078908083960414    2.98799991607666
5.096361376345158    3.0169999599456787
5.113814668729901    3.0320000648498535
5.131267961114645    3.0429999828338623
5.148721253499389    3.1059999465942383
5.166174545884132    3.128999948501587
5.183627838268876    3.134999990463257
5.20108113065362    3.180999994277954
5.2185344230383635    3.2160000801086426
5.235987715423107    3.2260000705718994
5.253441007807851    3.2679998874664307
5.2708943001925945    3.3299999237060547
5.288347592577338    3.3340001106262207
5.305800884962082    3.4110000133514404
5.323254177346826    3.446000099182129
5.340707469731569    3.502000093460083
5.358160762116313    3.569999933242798
5.375614054501057    3.6040000915527344
5.3930673468858    3.7149999141693115
5.410520639270544    3.818000078201294
5.427973931655288    3.8259999752044678
5.445427224040031    3.9119999408721924
5.462880516424775    3.928999900817871
5.480333808809519    0.0
5.4977871011942625    4.0970001220703125
5.515240393579006    0.0
5.53269368596375    1.9769999980926514
5.550146978348494    1.9670000076293945
5.567600270733237    1.9869999885559082
5.585053563117981    0.0
5.602506855502725    0.0
5.619960147887468    2.1630001068115234
5.637413440272212    2.194000005722046
5.654866732656956    2.194999933242798
5.672320025041699    2.190999984741211
5.689773317426443    0.0
5.707226609811187    0.0
5.7246799021959305    0.0
5.742133194580674    0.0
5.759586486965418    0.0
5.7770397793501616    0.0
5.794493071734905    0.0
5.811946364119649    0.0
5.829399656504393    0.0
5.846852948889136    0.0
5.86430624127388    0.0
5.881759533658624    0.0
5.899212826043367    0.0
5.916666118428111    0.0
5.934119410812855    0.0
5.9515727031975985    1.4769999980926514
5.969025995582342    1.4179999828338623
5.986479287967086    0.0
6.0039325803518295    2.1110000610351562
6.021385872736573    0.0
6.038839165121317    0.0
6.056292457506061    0.0
6.073745749890804    3.003000020980835
6.091199042275548    0.0
6.108652334660292    0.0
6.126105627045035    0.0
6.143558919429779    0.0
6.161012211814523    0.0
6.178465504199266    0.0
6.19591879658401    0.0
6.213372088968754    0.4189999997615814
6.2308253813534975    0.0
6.248278673738241    0.0
6.265731966122985    0.0
0.0    0.0
0.01745329238474369    0.0
0.03490658476948738    3.5820000171661377
0.05235987715423107    0.0
0.06981316953897476    0.0
0.08726646192371845    2.9760000705718994
0.10471975430846214    0.0
0.12217304669320583    0.0
0.13962633907794952    0.0
0.15707963146269321    2.1600000858306885
0.1745329238474369    0.0
0.1919862162321806    1.4739999771118164
0.20943950861692429    1.4789999723434448
0.22689280100166798    0.0
0.24434609338641167    0.0
0.26179938577115536    0.0
0.27925267815589905    0.0
0.29670597054064274    0.0
0.31415926292538643    0.0
0.3316125553101301    0.0
0.3490658476948738    0.0
0.3665191400796175    0.0
0.3839724324643612    0.0
0.4014257248491049    0.0
0.41887901723384857    0.0
0.43633230961859226    0.0
0.45378560200333595    0.0
0.47123889438807964    4.159999847412109
0.48869218677282333    3.8570001125335693
0.506145479157567    3.7130000591278076
0.5235987715423107    3.6500000953674316
0.5410520639270544    3.625999927520752
0.5585053563117981    3.492000102996826
0.5759586486965418    3.3980000019073486
0.5934119410812855    3.364000082015991
0.6108652334660292    3.305000066757202
0.6283185258507729    3.2119998931884766
0.6457718182355165    3.1600000858306885
0.6632251106202602    3.125999927520752
0.6806784030050039    3.066999912261963
0.6981316953897476    3.009999990463257
0.7155849877744913    2.9779999256134033
0.733038280159235    2.9130001068115234
0.7504915725439787    2.874000072479248
0.7679448649287224    2.8459999561309814
0.7853981573134661    2.8010001182556152
0.8028514496982098    2.7679998874664307
0.8203047420829535    2.7249999046325684
0.8377580344676971    2.696000099182129
0.8552113268524408    2.680000066757202
0.8726646192371845    2.6489999294281006
0.8901179116219282    2.617000102996826
0.9075712040066719    2.5969998836517334
0.9250244963914156    2.5739998817443848
0.9424777887761593    2.5390000343322754
0.959931081160903    2.5269999504089355
0.9773843735456467    2.497999906539917
0.9948376659303904    2.4670000076293945
1.012290958315134    2.450000047683716
1.0297442506998777    2.450000047683716
1.0471975430846214    2.4089999198913574
1.0646508354693651    2.4010000228881836
1.0821041278541088    2.381999969482422
1.0995574202388525    2.365999937057495
1.1170107126235962    2.364000082015991
1.1344640050083399    2.3320000171661377
1.1519172973930836    2.322000026702881
1.1693705897778273    2.312999963760376
1.186823882162571    2.309000015258789
1.2042771745473146    2.308000087738037
1.2217304669320583    2.2750000953674316
1.239183759316802    2.2860000133514404
1.2566370517015457    2.265000104904175
1.2740903440862894    2.260999917984009
1.291543636471033    2.24399995803833
1.3089969288557768    2.246000051498413
1.3264502212405205    2.242000102996826
1.3439035136252642    2.2320001125335693
1.3613568060100079    2.2230000495910645
1.3788100983947515    2.2219998836517334
1.3962633907794952    2.2239999771118164
1.413716683164239    2.2179999351501465
1.4311699755489826    2.2119998931884766
1.4486232679337263    2.2249999046325684
1.46607656031847    2.2139999866485596
1.4835298527032137    2.2209999561309814
1.5009831450879574    2.2179999351501465
1.518436437472701    2.2320001125335693
1.5358897298574448    2.2170000076293945
1.5533430222421885    2.2260000705718994
1.5707963146269321    2.239000082015991
1.5882496070116758    2.2300000190734863
1.6057028993964195    2.252000093460083
1.6231561917811632    2.24399995803833
1.640609484165907    2.250999927520752
1.6580627765506506    2.259999990463257
1.6755160689353943    2.26200008392334
1.692969361320138    2.2839999198913574
1.7104226537048817    2.303999900817871
1.7278759460896254    2.305999994277954
1.745329238474369    2.319999933242798
1.7627825308591127    2.325000047683716
1.7802358232438564    2.3299999237060547
1.7976891156286001    2.3489999771118164
1.8151424080133438    2.371999979019165
1.8325957003980875    2.380000114440918
1.8500489927828312    2.3919999599456787
1.8675022851675749    3.2880001068115234
1.8849555775523186    3.3559999465942383
1.9024088699370623    3.359999895095825
1.919862162321806    3.3959999084472656
1.9373154547065496    3.4000000953674316
1.9547687470912933    3.4210000038146973
1.972222039476037    3.49399995803833
1.9896753318607807    3.3929998874664307
2.0071286242455244    3.328000068664551
2.024581916630268    3.3440001010894775
2.042035209015012    3.382999897003174
2.0594885013997555    3.3610000610351562
2.076941793784499    3.447999954223633
2.094395086169243    0.0
2.1118483785539865    3.7309999465942383
2.1293016709387302    3.8359999656677246
2.146754963323474    3.9539999961853027
2.1642082557082176    4.126999855041504
2.1816615480929613    0.0
2.199114840477705    0.0
2.2165681328624487    0.0
2.2340214252471924    0.0
2.251474717631936    0.0
2.2689280100166798    0.0
2.2863813024014235    0.0
2.303834594786167    0.0
2.321287887170911    0.0
2.3387411795556545    0.0
2.356194471940398    0.0
2.373647764325142    0.0
2.3911010567098856    0.0
2.4085543490946293    0.0
2.426007641479373    0.0
2.4434609338641167    0.0
2.4609142262488604    0.0
2.478367518633604    0.0
2.4958208110183477    0.0
2.5132741034030914    0.0
2.530727395787835    0.0
2.548180688172579    0.0
2.5656339805573225    0.0
2.583087272942066    0.0
2.60054056532681    0.0
2.6179938577115536    0.0
2.6354471500962973    0.0
2.652900442481041    0.0
2.6703537348657846    0.0
2.6878070272505283    0.0
2.705260319635272    4.0980000495910645
2.7227136120200157    4.114999771118164
2.7401669044047594    4.188000202178955
2.757620196789503    4.124000072479248
2.775073489174247    4.066999912261963
2.7925267815589905    0.0
2.809980073943734    4.041999816894531
2.827433366328478    4.059000015258789
2.8448866587132215    3.9800000190734863
2.8623399510979652    3.9079999923706055
2.879793243482709    3.9609999656677246
2.8972465358674526    3.9200000762939453
2.9146998282521963    3.86299991607666
2.93215312063694    3.884999990463257
2.9496064130216837    3.875999927520752
2.9670597054064274    3.819999933242798
2.984512997791171    3.921999931335449
3.0019662901759148    3.9119999408721924
3.0194195825606585    3.7720000743865967
3.036872874945402    3.943000078201294
3.054326167330146    3.859999895095825
3.0717794597148895    3.8499999046325684
3.089232752099633    3.86299991607666
3.106686044484377    4.002999782562256
3.1241393368691206    3.884000062942505
3.1415926292538643    3.9749999046325684
3.159045921638608    3.8989999294281006
3.1764992140233517    3.9049999713897705
3.1939525064080954    0.0
3.211405798792839    3.38100004196167
3.2288590911775827    3.3929998874664307
3.2463123835623264    3.368000030517578
3.26376567594707    3.4240000247955322
3.281218968331814    3.4119999408721924
3.2986722607165575    3.434999942779541
3.316125553101301    3.437999963760376
3.333578845486045    3.4560000896453857
3.3510321378707886    3.494999885559082
3.3684854302555323    3.5299999713897705
3.385938722640276    3.562999963760376
3.4033920150250196    3.5799999237060547
3.4208453074097633    3.5889999866485596
3.438298599794507    3.5869998931884766
3.4557518921792507    0.0
3.4732051845639944    0.0
3.490658476948738    0.0
3.508111769333482    0.0
3.5255650617182255    0.0
3.543018354102969    0.0
3.560471646487713    0.0
3.5779249388724566    0.0
3.5953782312572002    0.0
3.612831523641944    0.0
3.6302848160266876    0.0
3.6477381084114313    0.0
3.665191400796175    0.0
3.6826446931809187    0.0
3.7000979855656624    0.0
3.717551277950406    0.0
3.7350045703351498    0.0
3.7524578627198935    0.0
3.769911155104637    0.0
3.787364447489381    0.0
3.8048177398741245    0.0
3.822271032258868    0.0
3.839724324643612    0.0
3.8571776170283556    0.0
3.8746309094130993    0.0
3.892084201797843    0.0
3.9095374941825867    0.0
3.9269907865673304    0.0
3.944444078952074    0.0
3.9618973713368177    0.0
3.9793506637215614    0.0
3.996803956106305    0.0
4.014257248491049    0.0
4.0317105408757925    0.0
4.049163833260536    1.11899995803833
4.06661712564528    1.1330000162124634
4.084070418030024    1.1299999952316284
4.101523710414767    1.1579999923706055
4.118977002799511    0.0
4.136430295184255    0.0
4.153883587568998    0.0
4.171336879953742    0.0
4.188790172338486    2.0980000495910645
4.206243464723229    2.069000005722046
4.223696757107973    2.063999891281128
4.241150049492717    2.059000015258789
4.2586033418774605    2.0420000553131104
4.276056634262204    2.0199999809265137
4.293509926646948    2.00600004196167
4.3109632190316916    1.996000051498413
4.328416511416435    1.975000023841858
4.345869803801179    1.9670000076293945
4.363323096185923    1.9579999446868896
4.380776388570666    1.9539999961853027
4.39822968095541    1.9179999828338623
4.415682973340154    1.9290000200271606
4.433136265724897    1.9199999570846558
4.450589558109641    1.8969999551773071
4.468042850494385    1.0010000467300415
4.4854961428791285    1.0010000467300415
4.502949435263872    0.9860000014305115
4.520402727648616    0.9860000014305115
4.5378560200333595    0.0
4.555309312418103    2.7230000495910645
4.572762604802847    0.46700000762939453
4.590215897187591    0.46700000762939453
4.607669189572334    0.46700000762939453
4.625122481957078    0.46399998664855957
4.642575774341822    0.4569999873638153
4.660029066726565    0.453000009059906
4.677482359111309    0.4519999921321869
4.694935651496053    0.45399999618530273
4.712388943880796    0.4560000002384186
4.72984223626554    0.4569999873638153
4.747295528650284    0.46000000834465027
4.7647488210350275    0.4650000035762787
4.782202113419771    0.4699999988079071
4.799655405804515    0.4729999899864197
4.817108698189259    0.47600001096725464
4.834561990574002    0.48100000619888306
4.852015282958746    0.49300000071525574
4.86946857534349    0.0
4.886921867728233    2.8389999866485596
4.904375160112977    2.806999921798706
4.921828452497721    2.8269999027252197
4.939281744882464    2.8420000076293945
4.956735037267208    2.8559999465942383
4.974188329651952    2.878999948501587
4.9916416220366955    2.9089999198913574
5.009094914421439    2.9010000228881836
5.026548206806183    2.936000108718872
5.0440014991909266    2.953000068664551
5.06145479157567    2.944000005722046
5.078908083960414    2.99399995803833
5.096361376345158    3.0230000019073486
5.113814668729901    3.0399999618530273
5.131267961114645    3.053999900817871
5.148721253499389    3.0920000076293945
5.166174545884132    3.119999885559082
5.183627838268876    3.1489999294281006
5.20108113065362    3.203000068664551
5.2185344230383635    3.2179999351501465
5.235987715423107    3.253000020980835
5.253441007807851    3.3010001182556152
5.2708943001925945    3.3289999961853027
5.288347592577338    3.3610000610351562
5.305800884962082    3.4230000972747803
5.323254177346826    3.4159998893737793
5.340707469731569    3.5179998874664307
5.358160762116313    3.565999984741211
5.375614054501057    3.5369999408721924
5.3930673468858    3.7219998836517334
5.410520639270544    3.752000093460083
5.427973931655288    3.869999885559082
5.445427224040031    3.940999984741211
5.462880516424775    4.065000057220459
5.480333808809519    4.119999885559082
5.4977871011942625    0.0
5.515240393579006    0.0
5.53269368596375    1.9739999771118164
5.550146978348494    1.9919999837875366
5.567600270733237    1.9839999675750732
5.585053563117981    0.0
5.602506855502725    0.0
5.619960147887468    2.2090001106262207
5.637413440272212    2.191999912261963
5.654866732656956    2.180999994277954
5.672320025041699    2.2049999237060547
5.689773317426443    0.0
5.707226609811187    0.0
5.7246799021959305    0.0
5.742133194580674    0.0
5.759586486965418    0.0
5.7770397793501616    0.0
5.794493071734905    0.0
5.811946364119649    0.0
5.829399656504393    0.0
5.846852948889136    0.0
5.86430624127388    0.0
5.881759533658624    0.0
5.899212826043367    0.0
5.916666118428111    0.0
5.934119410812855    0.0
5.9515727031975985    1.475000023841858
5.969025995582342    1.440999984741211
5.986479287967086    0.0
6.0039325803518295    2.115000009536743
6.021385872736573    0.0
6.038839165121317    0.0
6.056292457506061    0.0
6.073745749890804    3.003999948501587
6.091199042275548    0.0
6.108652334660292    0.0
6.126105627045035    0.0
6.143558919429779    0.0
6.161012211814523    0.0
6.178465504199266    0.0
6.19591879658401    0.0
6.213372088968754    0.4169999957084656
6.2308253813534975    0.0
6.248278673738241    0.0
6.265731966122985    0.0
0.0    0.0
0.01745329238474369    0.0
0.03490658476948738    3.5920000076293945
0.05235987715423107    0.0
0.06981316953897476    0.0
0.08726646192371845    2.9639999866485596
0.10471975430846214    0.0
0.12217304669320583    0.0
0.13962633907794952    0.0
0.15707963146269321    2.1619999408721924
0.1745329238474369    0.0
0.1919862162321806    1.4839999675750732
0.20943950861692429    1.4730000495910645
0.22689280100166798    0.0
0.24434609338641167    0.0
0.26179938577115536    0.0
0.27925267815589905    0.0
0.29670597054064274    0.0
0.31415926292538643    0.0
0.3316125553101301    0.0
0.3490658476948738    0.0
0.3665191400796175    0.0
0.3839724324643612    0.0
0.4014257248491049    0.0
0.41887901723384857    0.0
0.43633230961859226    0.0
0.45378560200333595    0.0
0.47123889438807964    4.1479997634887695
0.48869218677282333    3.9519999027252197
0.506145479157567    3.755000114440918
0.5235987715423107    3.7339999675750732
0.5410520639270544    3.624000072479248
0.5585053563117981    3.4560000896453857
0.5759586486965418    3.4119999408721924
0.5934119410812855    3.3510000705718994
0.6108652334660292    3.257999897003174
0.6283185258507729    3.2239999771118164
0.6457718182355165    3.1640000343322754
0.6632251106202602    3.0950000286102295
0.6806784030050039    3.052000045776367
0.6981316953897476    3.0160000324249268
0.7155849877744913    2.9619998931884766
0.733038280159235    2.9049999713897705
0.7504915725439787    2.884000062942505
0.7679448649287224    2.8329999446868896
0.7853981573134661    2.815999984741211
0.8028514496982098    2.765000104904175
0.8203047420829535    2.7209999561309814
0.8377580344676971    2.694000005722046
0.8552113268524408    2.6730000972747803
0.8726646192371845    2.6410000324249268
0.8901179116219282    2.6050000190734863
0.9075712040066719    2.5799999237060547
0.9250244963914156    2.566999912261963
0.9424777887761593    2.5380001068115234
0.959931081160903    2.509999990463257
0.9773843735456467    2.489000082015991
0.9948376659303904    2.4590001106262207
1.012290958315134    2.437000036239624
1.0297442506998777    2.4509999752044678
1.0471975430846214    2.4119999408721924
1.0646508354693651    2.384999990463257
1.0821041278541088    2.3889999389648438
1.0995574202388525    2.38100004196167
1.1170107126235962    2.3519999980926514
1.1344640050083399    2.3289999961853027
1.1519172973930836    2.3320000171661377
1.1693705897778273    2.312000036239624
1.186823882162571    2.302000045776367
1.2042771745473146    2.309999942779541
1.2217304669320583    2.2920000553131104
1.239183759316802    2.2730000019073486
1.2566370517015457    2.260999917984009
1.2740903440862894    2.25
1.291543636471033    2.265000104904175
1.3089969288557768    2.2330000400543213
1.3264502212405205    2.234999895095825
1.3439035136252642    2.2249999046325684
1.3613568060100079    2.2149999141693115
1.3788100983947515    2.2170000076293945
1.3962633907794952    2.2260000705718994
1.413716683164239    2.197999954223633
1.4311699755489826    2.2290000915527344
1.4486232679337263    2.2249999046325684
1.46607656031847    2.2219998836517334
1.4835298527032137    2.2139999866485596
1.5009831450879574    2.2239999771118164
1.518436437472701    2.2260000705718994
1.5358897298574448    2.2230000495910645
1.5533430222421885    2.2200000286102295
1.5707963146269321    2.242000102996826
1.5882496070116758    2.244999885559082
1.6057028993964195    2.249000072479248
1.6231561917811632    2.240999937057495
1.640609484165907    2.2750000953674316
1.6580627765506506    2.2669999599456787
1.6755160689353943    2.2739999294281006
1.692969361320138    2.2799999713897705
1.7104226537048817    2.2990000247955322
1.7278759460896254    2.305999994277954
1.745329238474369    2.312999963760376
1.7627825308591127    2.319000005722046
1.7802358232438564    2.3369998931884766
1.7976891156286001    2.3489999771118164
1.8151424080133438    2.375999927520752
1.8325957003980875    2.372999906539917
1.8500489927828312    2.4509999752044678
1.8675022851675749    3.318000078201294
1.8849555775523186    3.321000099182129
1.9024088699370623    3.3919999599456787
1.919862162321806    3.3989999294281006
1.9373154547065496    3.437999963760376
1.9547687470912933    3.4609999656677246
1.972222039476037    3.4570000171661377
1.9896753318607807    0.0
2.0071286242455244    3.384000062942505
2.024581916630268    3.305999994277954
2.042035209015012    3.437000036239624
2.0594885013997555    3.3949999809265137
2.076941793784499    3.390000104904175
2.094395086169243    3.628000020980835
2.1118483785539865    3.88700008392334
2.1293016709387302    3.927000045776367
2.146754963323474    3.9730000495910645
2.1642082557082176    4.054999828338623
2.1816615480929613    4.144000053405762
2.199114840477705    0.0
2.2165681328624487    0.0
2.2340214252471924    0.0
2.251474717631936    0.0
2.2689280100166798    0.0
2.2863813024014235    0.0
2.303834594786167    0.0
2.321287887170911    0.0
2.3387411795556545    0.0
2.356194471940398    0.0
2.373647764325142    0.0
2.3911010567098856    0.0
2.4085543490946293    0.0
2.426007641479373    0.0
2.4434609338641167    0.0
2.4609142262488604    0.0
2.478367518633604    0.0
2.4958208110183477    0.0
2.5132741034030914    0.0
2.530727395787835    0.0
2.548180688172579    0.0
2.5656339805573225    0.0
2.583087272942066    0.0
2.60054056532681    0.0
2.6179938577115536    0.0
2.6354471500962973    0.0
2.652900442481041    0.0
2.6703537348657846    0.0
2.6878070272505283    4.047999858856201
2.705260319635272    0.0
2.7227136120200157    4.151000022888184
2.7401669044047594    4.109000205993652
2.757620196789503    4.026000022888184
2.775073489174247    3.947000026702881
2.7925267815589905    3.9860000610351562
2.809980073943734    3.9839999675750732
2.827433366328478    3.9489998817443848
2.8448866587132215    3.9189999103546143
2.8623399510979652    3.9240000247955322
2.879793243482709    4.01200008392334
2.8972465358674526    3.933000087738037
2.9146998282521963    3.9719998836517334
2.93215312063694    4.044000148773193
2.9496064130216837    3.8499999046325684
2.9670597054064274    3.859999895095825
2.984512997791171    3.805000066757202
3.0019662901759148    3.8989999294281006
3.0194195825606585    3.9660000801086426
3.036872874945402    3.937999963760376
3.054326167330146    3.8959999084472656
3.0717794597148895    3.9119999408721924
3.089232752099633    3.9539999961853027
3.106686044484377    3.9230000972747803
3.1241393368691206    3.933000087738037
3.1415926292538643    4.019000053405762
3.159045921638608    3.930000066757202
3.1764992140233517    0.0
3.1939525064080954    3.378999948501587
3.211405798792839    3.384000062942505
3.2288590911775827    3.4170000553131104
3.2463123835623264    3.38700008392334
3.26376567594707    3.4260001182556152
3.281218968331814    3.4590001106262207
3.2986722607165575    3.3929998874664307
3.316125553101301    3.4600000381469727
3.333578845486045    3.499000072479248
3.3510321378707886    3.5409998893737793
3.3684854302555323    3.5299999713897705
3.385938722640276    3.4739999771118164
3.4033920150250196    3.5190000534057617
3.4208453074097633    3.546999931335449
3.438298599794507    3.736999988555908
3.4557518921792507    0.0
3.4732051845639944    0.0
3.490658476948738    0.0
3.508111769333482    0.0
3.5255650617182255    0.0
3.543018354102969    0.0
3.560471646487713    0.0
3.5779249388724566    0.0
3.5953782312572002    0.0
3.612831523641944    0.0
3.6302848160266876    0.0
3.6477381084114313    0.0
3.665191400796175    0.0
3.6826446931809187    0.0
3.7000979855656624    0.0
3.717551277950406    0.0
3.7350045703351498    0.0
3.7524578627198935    0.0
3.769911155104637    0.0
3.787364447489381    0.0
3.8048177398741245    0.0
3.822271032258868    0.0
3.839724324643612    0.0
3.8571776170283556    0.0
3.8746309094130993    0.0
3.892084201797843    0.0
3.9095374941825867    0.0
3.9269907865673304    0.0
3.944444078952074    0.0
3.9618973713368177    0.0
3.9793506637215614    0.0
3.996803956106305    0.0
4.014257248491049    0.0
4.0317105408757925    0.0
4.049163833260536    1.0509999990463257
4.06661712564528    1.1119999885559082
4.084070418030024    1.11899995803833
4.101523710414767    1.1549999713897705
4.118977002799511    0.0
4.136430295184255    0.0
4.153883587568998    0.0
4.171336879953742    2.0820000171661377
4.188790172338486    2.0969998836517334
4.206243464723229    2.0769999027252197
4.223696757107973    2.068000078201294
4.241150049492717    2.052000045776367
4.2586033418774605    2.0409998893737793
4.276056634262204    2.01200008392334
4.293509926646948    1.9830000400543213
4.3109632190316916    1.9869999885559082
4.328416511416435    1.972000002861023
4.345869803801179    1.9600000381469727
4.363323096185923    1.9509999752044678
4.380776388570666    1.9450000524520874
4.39822968095541    1.9249999523162842
4.415682973340154    1.9299999475479126
4.433136265724897    1.909000039100647
4.450589558109641    1.7400000095367432
4.468042850494385    0.47200000286102295
4.4854961428791285    0.47200000286102295
4.502949435263872    0.46299999952316284
4.520402727648616    0.4569999873638153
4.5378560200333595    0.4569999873638153
4.555309312418103    0.45100000500679016
4.572762604802847    0.44999998807907104
4.590215897187591    0.45100000500679016
4.607669189572334    0.4490000009536743
4.625122481957078    0.44999998807907104
4.642575774341822    0.453000009059906
4.660029066726565    0.4480000138282776
4.677482359111309    0.45100000500679016
4.694935651496053    0.45399999618530273
4.712388943880796    0.45899999141693115
4.72984223626554    0.4650000035762787
4.747295528650284    0.4729999899864197
4.7647488210350275    0.4830000102519989
4.782202113419771    0.0
4.799655405804515    2.818000078201294
4.817108698189259    2.7820000648498535
4.834561990574002    2.7839999198913574
4.852015282958746    2.7850000858306885
4.86946857534349    2.802000045776367
4.886921867728233    2.809999942779541
4.904375160112977    2.809000015258789
4.921828452497721    2.8469998836517334
4.939281744882464    2.859999895095825
4.956735037267208    2.8559999465942383
4.974188329651952    2.878000020980835
4.9916416220366955    2.9070000648498535
5.009094914421439    2.9040000438690186
5.026548206806183    2.9230000972747803
5.0440014991909266    2.9609999656677246
5.06145479157567    2.9670000076293945
5.078908083960414    2.992000102996826
5.096361376345158    3.0250000953674316
5.113814668729901    3.0480000972747803
5.131267961114645    3.065000057220459
5.148721253499389    3.1040000915527344
5.166174545884132    3.134000062942505
5.183627838268876    3.1440000534057617
5.20108113065362    3.1730000972747803
5.2185344230383635    3.2290000915527344
5.235987715423107    3.24399995803833
5.253441007807851    3.2920000553131104
5.2708943001925945    3.325000047683716
5.288347592577338    3.3519999980926514
5.305800884962082    3.385999917984009
5.323254177346826    3.4210000038146973
5.340707469731569    3.4609999656677246
5.358160762116313    3.5450000762939453
5.375614054501057    3.552000045776367
5.3930673468858    3.63700008392334
5.410520639270544    3.8239998817443848
5.427973931655288    3.8469998836517334
5.445427224040031    4.039999961853027
5.462880516424775    4.041999816894531
5.480333808809519    0.0
5.4977871011942625    4.173999786376953
5.515240393579006    0.0
5.53269368596375    2.000999927520752
5.550146978348494    1.972000002861023
5.567600270733237    1.9589999914169312
5.585053563117981    0.0
5.602506855502725    0.0
5.619960147887468    2.197000026702881
5.637413440272212    2.194000005722046
5.654866732656956    2.1989998817443848
5.672320025041699    2.187000036239624
5.689773317426443    0.0
5.707226609811187    0.0
5.7246799021959305    0.0
5.742133194580674    0.0
5.759586486965418
